5 0.72578125 0.23515625 0.10625 0.1703125
2 0.75078125 0.303125 0.1171875 0.1953125
1 0.80078125 0.4171875 0.090625 0.14375
1 0.678125 0.15859375 0.08125 0.1328125
3 0.64921875 0.08671875 0.0828125 0.125
3 0.84375 0.52578125 0.1 0.1328125
6 0.8890625 0.64453125 0.1 0.140625
6 0.6296875 0.0375 0.071875 0.075
4 0.55078125 0.0453125 0.0609375 0.090625
4 0.57578125 0.115625 0.059375 0.0984375
4 0.60703125 0.19140625 0.0625 0.1015625
4 0.63359375 0.26796875 0.0625 0.1015625
4 0.66875 0.35625 0.06875 0.1046875
4 0.70546875 0.4578125 0.075 0.1125
4 0.74609375 0.55859375 0.0734375 0.115625
4 0.78984375 0.67265625 0.0765625 0.115625
11 0.14453125 0.36015625 0.096875 0.175
8 0.153125 0.4453125 0.1109375 0.2015625
7 0.13203125 0.28515625 0.078125 0.140625
7 0.16953125 0.5703125 0.0828125 0.1375
9 0.128125 0.20703125 0.0796875 0.1328125
9 0.203125 0.6796875 0.0921875 0.1484375
12 0.21171875 0.8265625 0.096875 0.1453125
12 0.1109375 0.1359375 0.0703125 0.1125
10 0.2046875 0.20234375 0.0640625 0.103125
10 0.18671875 0.1234375 0.0609375 0.1015625
10 0.22265625 0.28359375 0.0625 0.1015625
10 0.23828125 0.36875 0.065625 0.1078125
10 0.26171875 0.465625 0.0671875 0.10625
10 0.27734375 0.56953125 0.0671875 0.103125
10 0.3 0.66640625 0.071875 0.1109375
10 0.31640625 0.7890625 0.0859375 0.1203125