5 0.7859375 0.30234375 0.071875 0.159375
2 0.79296875 0.375 0.078125 0.184375
1 0.81171875 0.49765625 0.0625 0.134375
1 0.76015625 0.21640625 0.0546875 0.125
3 0.75078125 0.13984375 0.0578125 0.115625
3 0.82578125 0.61328125 0.075 0.1203125
6 0.83828125 0.740625 0.0734375 0.128125
6 0.75 0.06875 0.0515625 0.103125
4 0.66796875 0.06953125 0.0421875 0.09375
4 0.67265625 0.1484375 0.040625 0.0921875
4 0.6828125 0.2296875 0.04375 0.0953125
4 0.6890625 0.31015625 0.0421875 0.0953125
4 0.7 0.4046875 0.05 0.096875
4 0.709375 0.5125 0.0546875 0.103125
4 0.72265625 0.6203125 0.05 0.109375
4 0.7359375 0.74140625 0.0546875 0.1078125
11 0.19296875 0.27265625 0.0609375 0.1671875
8 0.17890625 0.3578125 0.0703125 0.1921875
7 0.20078125 0.196875 0.05 0.134375
7 0.1625 0.48203125 0.05625 0.1296875
9 0.21640625 0.12109375 0.053125 0.125
9 0.1671875 0.596875 0.0640625 0.1390625
12 0.1375 0.740625 0.06875 0.134375
12 0.21796875 0.05 0.0484375 0.1
10 0.29140625 0.1359375 0.0453125 0.0953125
10 0.2953125 0.0546875 0.040625 0.0953125
10 0.28828125 0.21875 0.0421875 0.0953125
10 0.28125 0.30546875 0.0453125 0.1
10 0.27890625 0.40546875 0.046875 0.0984375
10 0.2671875 0.509375 0.046875 0.0953125
10 0.2640625 0.609375 0.0515625 0.103125
10 0.2484375 0.73125 0.0625 0.1109375