10 0.64921875 0.128125 0.0796875 0.11875
7 0.53984375 0.42109375 0.0875 0.15
8 0.7859375 0.24140625 0.1171875 0.2171875
11 0.57734375 0.1265625 0.0984375 0.1875
12 0.52890625 0.33125 0.0859375 0.1375
9 0.578125 0.63515625 0.0984375 0.165625
10 0.70234375 0.28984375 0.0796875 0.128125
10 0.6546875 0.52890625 0.0828125 0.1328125
6 0.63359375 0.04921875 0.0828125 0.0984375
3 0.7796875 0.5890625 0.1 0.16875
2 0.19453125 0.36171875 0.1296875 0.2203125
4 0.49296875 0.6703125 0.08125 0.128125
4 0.38125 0.3734375 0.071875 0.121875
4 0.40390625 0.5609375 0.08125 0.134375