10 0.35703125 0.12578125 0.08125 0.1203125
7 0.46171875 0.4203125 0.090625 0.15
8 0.21875 0.2359375 0.1203125 0.2171875
11 0.4296875 0.125 0.1015625 0.1890625
12 0.47421875 0.33046875 0.0875 0.1390625
9 0.41953125 0.63359375 0.1 0.1671875
10 0.3015625 0.28671875 0.08125 0.128125
10 0.34453125 0.52578125 0.0859375 0.1328125
6 0.3734375 0.0484375 0.084375 0.096875
3 0.21953125 0.584375 0.103125 0.1703125
2 0.8078125 0.36640625 0.1328125 0.2203125
4 0.50390625 0.6703125 0.0828125 0.1296875
4 0.62109375 0.37578125 0.0734375 0.121875
4 0.5953125 0.56328125 0.0828125 0.134375