7 0.45 0.425 0.0796875 0.153125
12 0.45703125 0.33125 0.08125 0.1421875
11 0.3921875 0.13046875 0.0890625 0.1859375
9 0.4375 0.64140625 0.0921875 0.1546875
10 0.35078125 0.54296875 0.0703125 0.134375
10 0.31953125 0.1453125 0.0625 0.1109375
10 0.28046875 0.30859375 0.075 0.1203125
8 0.190625 0.2640625 0.10625 0.21875
6 0.3265625 0.05703125 0.071875 0.1140625
3 0.221875 0.6078125 0.1015625 0.171875
2 0.79296875 0.334375 0.1078125 0.209375
4 0.60703125 0.3578125 0.065625 0.1171875
4 0.425 0.52890625 0.06875 0.121875
4 0.521875 0.6703125 0.071875 0.121875