7 0.43984375 0.43203125 0.0640625 0.1484375
12 0.43359375 0.33828125 0.06875 0.1359375
11 0.34140625 0.1484375 0.071875 0.18125
9 0.4578125 0.6484375 0.078125 0.1484375
10 0.3578125 0.56328125 0.0578125 0.1296875
10 0.271875 0.17421875 0.0515625 0.1078125
10 0.25546875 0.340625 0.0625 0.115625
8 0.1609375 0.31015625 0.084375 0.2125
6 0.26484375 0.07421875 0.059375 0.13125
3 0.2390625 0.6453125 0.0859375 0.1640625
2 0.76640625 0.2953125 0.0875 0.2015625
4 0.58671875 0.34453125 0.0546875 0.1125
4 0.4296875 0.5390625 0.0578125 0.1171875
4 0.5453125 0.665625 0.0609375 0.115625