2 0.2578125 0.2703125 0.1078125 0.2109375
12 0.5859375 0.346875 0.0796875 0.14375
9 0.65546875 0.44453125 0.0828125 0.1546875
7 0.56640625 0.43984375 0.0765625 0.1609375
11 0.69453125 0.16640625 0.0890625 0.184375
8 0.8546875 0.3453125 0.1046875 0.2234375
10 0.76484375 0.19765625 0.0703125 0.1125
10 0.75859375 0.36953125 0.06875 0.1203125
10 0.63671875 0.578125 0.071875 0.1265625
6 0.77890625 0.10234375 0.078125 0.1390625
4 0.428125 0.3359375 0.0671875 0.125
4 0.565625 0.55 0.071875 0.1171875
4 0.4375 0.659375 0.0734375 0.125