2 0.21171875 0.33046875 0.1046875 0.209375
12 0.54921875 0.33125 0.078125 0.14375
9 0.6390625 0.4109375 0.08125 0.153125
7 0.55078125 0.4265625 0.075 0.1609375
11 0.6140625 0.13125 0.0859375 0.184375
8 0.81015625 0.26953125 0.1015625 0.221875
10 0.68984375 0.14609375 0.06875 0.1109375
10 0.72265625 0.31484375 0.0671875 0.1203125
10 0.65078125 0.5453125 0.06875 0.125
6 0.68203125 0.05859375 0.0765625 0.1171875
4 0.39296875 0.35625 0.065625 0.1234375
4 0.575 0.53359375 0.0703125 0.115625
4 0.47421875 0.66953125 0.071875 0.125