5 0.2140625 0.30078125 0.0703125 0.15625
2 0.21015625 0.37421875 0.0734375 0.1875
1 0.29296875 0.61953125 0.05625 0.1390625
1 0.24375 0.215625 0.0515625 0.1359375
12 0.165625 0.7390625 0.075 0.1390625
12 0.2515625 0.071875 0.05 0.1171875
3 0.5578125 0.39375 0.0578125 0.13125
3 0.403125 0.13203125 0.0484375 0.13125
4 0.32890625 0.15 0.040625 0.084375
4 0.334375 0.06328125 0.04375 0.096875
4 0.29140625 0.5125 0.05 0.1
4 0.3015625 0.40625 0.0484375 0.1015625
4 0.32109375 0.22890625 0.04375 0.1015625
4 0.48046875 0.3015625 0.040625 0.1046875
4 0.38671875 0.61875 0.0515625 0.109375
4 0.36015625 0.7421875 0.0546875 0.115625
12 0.78515625 0.05078125 0.0546875 0.1015625
12 0.75078125 0.7375 0.06875 0.134375
8 0.82578125 0.3578125 0.0765625 0.196875
11 0.8109375 0.271875 0.075 0.1671875
7 0.840625 0.4828125 0.0640625 0.1390625
7 0.63046875 0.05390625 0.0515625 0.1078125
9 0.63046875 0.1953125 0.05625 0.134375
9 0.83359375 0.5953125 0.0734375 0.1390625
10 0.55546875 0.73515625 0.0546875 0.1078125
10 0.73515625 0.50625 0.0484375 0.1
10 0.7390625 0.6109375 0.059375 0.10625
10 0.72265625 0.40625 0.0484375 0.1046875
10 0.56015625 0.30078125 0.0453125 0.096875
10 0.56484375 0.140625 0.0453125 0.0953125
10 0.7140625 0.21796875 0.0453125 0.103125
10 0.70703125 0.05625 0.046875 0.103125