5 0.734375 0.24140625 0.0984375 0.165625
2 0.75390625 0.3125 0.10625 0.196875
1 0.72890625 0.56953125 0.08125 0.146875
1 0.6859375 0.16484375 0.0765625 0.1421875
12 0.87890625 0.65703125 0.1 0.15
12 0.6453125 0.04453125 0.071875 0.0890625
3 0.4203125 0.409375 0.0828125 0.1390625
3 0.51171875 0.11953125 0.0734375 0.1375
4 0.5875 0.1203125 0.05625 0.090625
4 0.56328125 0.04375 0.0609375 0.0875
4 0.70546875 0.46484375 0.0671875 0.10625
4 0.67265625 0.3640625 0.0671875 0.1078125
4 0.61328125 0.1953125 0.0625 0.1078125
4 0.475 0.30234375 0.059375 0.109375
4 0.6375 0.58984375 0.0703125 0.115625
4 0.690625 0.7046875 0.075 0.121875
12 0.11953125 0.12421875 0.0734375 0.115625
12 0.30859375 0.78828125 0.0921875 0.14375
8 0.15078125 0.434375 0.1125 0.20625
11 0.14609375 0.34765625 0.10625 0.178125
7 0.16484375 0.56015625 0.0890625 0.1484375
7 0.271875 0.09296875 0.071875 0.1171875
9 0.30390625 0.2328125 0.08125 0.1421875
9 0.19609375 0.66796875 0.096875 0.15
10 0.4984375 0.74140625 0.0734375 0.115625
10 0.271875 0.55859375 0.065625 0.10625
10 0.2921875 0.66171875 0.078125 0.115625
10 0.26171875 0.45859375 0.0671875 0.1109375
10 0.396875 0.31875 0.0625 0.103125
10 0.35625 0.16484375 0.0625 0.1015625
10 0.228125 0.2734375 0.0640625 0.109375
10 0.1984375 0.1140625 0.0640625 0.109375