8 0.14765625 0.49609375 0.125 0.2171875
12 0.1 0.1828125 0.0890625 0.1375
7 0.10625 0.24296875 0.0953125 0.159375
7 0.19921875 0.753125 0.109375 0.1578125
9 0.18671875 0.63203125 0.0953125 0.1515625
9 0.309375 0.371875 0.0859375 0.14375
11 0.2578125 0.20078125 0.1078125 0.1859375
10 0.31015625 0.12265625 0.0765625 0.11875
10 0.353125 0.27734375 0.0765625 0.115625
10 0.19453125 0.23671875 0.075 0.1171875
10 0.2265625 0.40625 0.0765625 0.1171875
10 0.253125 0.50390625 0.084375 0.121875
10 0.2984375 0.7265625 0.090625 0.1265625
5 0.4984375 0.41796875 0.109375 0.196875
1 0.375 0.57890625 0.096875 0.1578125
3 0.5484375 0.3171875 0.0953125 0.1546875
3 0.671875 0.6125 0.10625 0.175
2 0.709375 0.23203125 0.128125 0.2109375
1 0.5375 0.06640625 0.0875 0.1328125
6 0.61640625 0.05390625 0.0859375 0.1078125
6 0.80546875 0.459375 0.1046875 0.15625
4 0.80703125 0.7125 0.0875 0.125
4 0.6375 0.303125 0.0765625 0.115625
4 0.490625 0.16796875 0.0765625 0.1203125
4 0.4515625 0.2671875 0.0734375 0.115625
4 0.61171875 0.50703125 0.0796875 0.125
4 0.5828125 0.6515625 0.08125 0.128125