8 0.1484375 0.478125 0.115625 0.215625
12 0.1171875 0.16171875 0.084375 0.1359375
7 0.1203125 0.22265625 0.0890625 0.1578125
7 0.1859375 0.73671875 0.1015625 0.1546875
9 0.18046875 0.61484375 0.0890625 0.15
9 0.31640625 0.3625 0.08125 0.1421875
11 0.27421875 0.18828125 0.0984375 0.1859375
10 0.3296875 0.1125 0.0703125 0.1171875
10 0.36484375 0.2703125 0.0703125 0.1140625
10 0.209375 0.22109375 0.0703125 0.115625
10 0.23203125 0.3921875 0.071875 0.115625
10 0.25390625 0.490625 0.078125 0.1203125
10 0.28671875 0.715625 0.0859375 0.125
5 0.50234375 0.41796875 0.1 0.1953125
1 0.37109375 0.571875 0.090625 0.1578125
3 0.5578125 0.3203125 0.0890625 0.153125
3 0.665625 0.62109375 0.0984375 0.1734375
2 0.7234375 0.24296875 0.11875 0.209375
1 0.559375 0.06796875 0.08125 0.1359375
6 0.640625 0.05703125 0.08125 0.1140625
6 0.80703125 0.47578125 0.0984375 0.1546875
4 0.7953125 0.728125 0.0828125 0.1234375
4 0.64765625 0.31015625 0.0703125 0.1140625
4 0.5078125 0.16796875 0.071875 0.11875
4 0.46328125 0.26484375 0.06875 0.1140625
4 0.61171875 0.51328125 0.075 0.1234375
4 0.575 0.65546875 0.0765625 0.1265625