6 0.86484375 0.76484375 0.078125 0.1359375
6 0.71171875 0.0703125 0.059375 0.1109375
5 0.7015625 0.40234375 0.071875 0.171875
2 0.7609375 0.28515625 0.0875 0.196875
3 0.81796875 0.52734375 0.0765625 0.134375
3 0.5984375 0.3359375 0.065625 0.1359375
1 0.72421875 0.14453125 0.0625 0.1375
1 0.51171875 0.33046875 0.0546875 0.1375
4 0.75859375 0.7734375 0.0640625 0.115625
4 0.67421875 0.334375 0.05 0.1046875
4 0.55859375 0.1734375 0.05 0.1109375
4 0.4859375 0.0890625 0.046875 0.103125
4 0.50078125 0.26328125 0.046875 0.1046875
4 0.52890625 0.4453125 0.05 0.10625
4 0.60234375 0.540625 0.053125 0.1125
4 0.55234375 0.66640625 0.0578125 0.1234375
8 0.16015625 0.42265625 0.084375 0.196875
9 0.34375 0.3390625 0.0640625 0.1375
9 0.1640625 0.56484375 0.075 0.1359375
12 0.36328125 0.78671875 0.0734375 0.14375
12 0.178125 0.10703125 0.05625 0.121875
7 0.16875 0.16953125 0.0609375 0.1453125
7 0.15390625 0.68515625 0.06875 0.14375
11 0.26171875 0.23359375 0.075 0.16875
10 0.25703125 0.18046875 0.0453125 0.10625
10 0.25390625 0.35 0.0484375 0.1046875
10 0.3921875 0.08984375 0.0484375 0.10625
10 0.40390625 0.25078125 0.0515625 0.1078125
10 0.25703125 0.4515625 0.0546875 0.10625
10 0.25703125 0.68203125 0.059375 0.1109375
10 0.46328125 0.79140625 0.059375 0.11875
10 0.43359375 0.5640625 0.0546875 0.1125