6 0.0875 0.6828125 0.103125 0.146875
6 0.38203125 0.04765625 0.0796875 0.0953125
5 0.3234375 0.3625 0.1046875 0.1796875
2 0.2890625 0.2359375 0.125 0.20625
3 0.1828125 0.46015625 0.1015625 0.1453125
3 0.4375 0.31875 0.0921875 0.14375
1 0.3546875 0.10625 0.0890625 0.14375
1 0.52421875 0.33203125 0.08125 0.14375
4 0.190625 0.7140625 0.0859375 0.125
4 0.3640625 0.3015625 0.0703125 0.1109375
4 0.51015625 0.16875 0.071875 0.1171875
4 0.5984375 0.10078125 0.0671875 0.1078125
4 0.5484375 0.26796875 0.0671875 0.1109375
4 0.4828125 0.440625 0.0703125 0.1125
4 0.39140625 0.51875 0.0734375 0.11875
4 0.4140625 0.6515625 0.08125 0.1296875
8 0.8484375 0.49453125 0.121875 0.20625
9 0.6859375 0.375 0.090625 0.1453125
9 0.815625 0.6328125 0.1 0.1453125
12 0.57421875 0.80859375 0.1 0.1515625
12 0.896875 0.1828125 0.0796875 0.128125
7 0.89296875 0.2453125 0.0890625 0.1515625
7 0.8 0.753125 0.0953125 0.1515625
11 0.7890625 0.28828125 0.1078125 0.1765625
10 0.80390625 0.2375 0.065625 0.1109375
10 0.771875 0.4046875 0.06875 0.1109375
10 0.690625 0.121875 0.06875 0.1109375
10 0.64609375 0.2765625 0.071875 0.1140625
10 0.74765625 0.503125 0.075 0.1125
10 0.7 0.728125 0.0796875 0.11875
10 0.475 0.7921875 0.08125 0.125
10 0.5515625 0.57578125 0.0765625 0.11875