2 0.8046875 0.3578125 0.128125 0.228125
6 0.65390625 0.11015625 0.084375 0.1421875
1 0.56484375 0.23984375 0.0984375 0.165625
4 0.7109375 0.38359375 0.0765625 0.125
4 0.596875 0.5625 0.0828125 0.13125
4 0.509375 0.66796875 0.084375 0.1375
4 0.48671875 0.17109375 0.08125 0.128125
3 0.365625 0.40859375 0.1015625 0.1640625
3 0.21875 0.58203125 0.10625 0.1734375
9 0.18046875 0.72265625 0.10625 0.1671875
12 0.2875 0.053125 0.090625 0.10625
11 0.42265625 0.1234375 0.1015625 0.1890625
8 0.21171875 0.2390625 0.125 0.215625
7 0.45546875 0.41640625 0.09375 0.16875
10 0.38828125 0.3 0.075 0.121875
10 0.34921875 0.1265625 0.078125 0.11875
10 0.3 0.290625 0.0828125 0.1296875
10 0.34296875 0.53046875 0.0921875 0.1359375