2 0.20859375 0.33203125 0.109375 0.225
6 0.38046875 0.0984375 0.0734375 0.1390625
1 0.4578125 0.23515625 0.0859375 0.1625
4 0.3 0.365625 0.0671875 0.121875
4 0.39765625 0.553125 0.0734375 0.128125
4 0.4765625 0.66640625 0.075 0.134375
4 0.5421875 0.1734375 0.071875 0.125
3 0.6421875 0.4203125 0.0890625 0.1609375
3 0.77265625 0.60546875 0.09375 0.1703125
9 0.79921875 0.75 0.0953125 0.1625
12 0.75078125 0.0625 0.0796875 0.125
11 0.61015625 0.13125 0.0875 0.1859375
8 0.809375 0.26484375 0.109375 0.2125
7 0.5515625 0.4203125 0.08125 0.165625
10 0.62890625 0.31015625 0.065625 0.11875
10 0.6828125 0.14140625 0.06875 0.115625
10 0.7171875 0.30859375 0.0734375 0.1265625
10 0.653125 0.54375 0.0828125 0.1328125