3 0.5046875 0.121875 0.08125 0.1359375
3 0.41875 0.40703125 0.084375 0.1484375
1 0.73046875 0.56484375 0.090625 0.1453125
1 0.6890625 0.16953125 0.0828125 0.14375
2 0.75390625 0.3078125 0.1171875 0.209375
6 0.88203125 0.65078125 0.1046875 0.1578125
6 0.48671875 0.0578125 0.0734375 0.115625
5 0.55 0.27578125 0.09375 0.175
4 0.57890625 0.11640625 0.0640625 0.1015625
4 0.61015625 0.1984375 0.0671875 0.1078125
4 0.70390625 0.459375 0.0734375 0.1078125
4 0.671875 0.359375 0.0671875 0.1078125
4 0.640625 0.58828125 0.0765625 0.121875
4 0.6953125 0.70234375 0.075 0.121875
4 0.41953125 0.07265625 0.0640625 0.103125
4 0.47109375 0.3046875 0.0640625 0.10625
7 0.26484375 0.09609375 0.075 0.1171875
8 0.15078125 0.44296875 0.115625 0.2078125
7 0.1625 0.5640625 0.0890625 0.14375
11 0.14609375 0.3546875 0.1078125 0.1859375
12 0.315625 0.7921875 0.096875 0.1515625
12 0.11484375 0.13203125 0.0796875 0.11875
9 0.1953125 0.66953125 0.1 0.1546875
9 0.29765625 0.23671875 0.0796875 0.1390625
10 0.39296875 0.32265625 0.06875 0.1109375
10 0.34921875 0.165625 0.0703125 0.1140625
10 0.190625 0.1171875 0.0671875 0.1140625
10 0.225 0.278125 0.0671875 0.109375
10 0.259375 0.46171875 0.0703125 0.1078125
10 0.275 0.56640625 0.071875 0.10625
10 0.2953125 0.6640625 0.0734375 0.1140625
10 0.5 0.7375 0.075 0.1140625