3 0.36640625 0.146875 0.06875 0.1328125
3 0.5453125 0.38515625 0.0703125 0.146875
1 0.30546875 0.63984375 0.078125 0.140625
1 0.209375 0.25390625 0.0703125 0.140625
2 0.1953125 0.40625 0.0984375 0.20625
6 0.19296875 0.77265625 0.090625 0.153125
6 0.36015625 0.0765625 0.0625 0.1203125
5 0.3765625 0.30625 0.0765625 0.171875
4 0.29453125 0.16640625 0.0546875 0.0984375
4 0.29375 0.2546875 0.0578125 0.10625
4 0.29453125 0.53125 0.0640625 0.1046875
4 0.290625 0.4265625 0.0578125 0.10625
4 0.3984375 0.63125 0.0671875 0.11875
4 0.3859375 0.75703125 0.0640625 0.11875
4 0.42890625 0.07109375 0.0546875 0.1
4 0.46015625 0.30625 0.0546875 0.103125
7 0.5828125 0.0484375 0.065625 0.096875
8 0.80859375 0.3265625 0.096875 0.2046875
7 0.8390625 0.4453125 0.0765625 0.140625
11 0.78359375 0.2421875 0.0921875 0.18125
12 0.7734375 0.7109375 0.0828125 0.146875
12 0.7359375 0.03984375 0.06875 0.0796875
9 0.84453125 0.55546875 0.0875 0.15
9 0.6 0.1828125 0.0671875 0.1359375
10 0.53984375 0.296875 0.059375 0.1078125
10 0.52734375 0.134375 0.0609375 0.1109375
10 0.659375 0.04453125 0.05625 0.0890625
10 0.6828125 0.19765625 0.05625 0.10625
10 0.71328125 0.38203125 0.0609375 0.103125
10 0.734375 0.48515625 0.0625 0.103125
10 0.74921875 0.584375 0.0640625 0.1109375
10 0.58125 0.7234375 0.0640625 0.1109375