12 0.25 0.06015625 0.084375 0.1203125
12 0.25 0.06015625 0.084375 0.1203125
8 0.178125 0.36484375 0.115625 0.2328125
11 0.38984375 0.13046875 0.0890625 0.1890625
7 0.22890625 0.115625 0.078125 0.153125
7 0.3671875 0.41015625 0.084375 0.1578125
9 0.2 0.75234375 0.1046875 0.178125
10 0.31484375 0.1421875 0.0625 0.1265625
10 0.2796875 0.3109375 0.06875 0.115625
10 0.26640625 0.40859375 0.071875 0.1265625
10 0.35 0.54609375 0.0765625 0.1265625
2 0.7921875 0.3375 0.1109375 0.221875
3 0.40703125 0.77265625 0.0953125 0.16875
1 0.63984375 0.17421875 0.0671875 0.1453125
3 0.4703125 0.240625 0.0796875 0.1453125
6 0.62109375 0.09453125 0.06875 0.134375
6 0.54453125 0.165625 0.075 0.1390625
4 0.4578125 0.17265625 0.0609375 0.1140625
4 0.70859375 0.80859375 0.0796875 0.1265625
4 0.7015625 0.36875 0.0640625 0.1125
4 0.60078125 0.553125 0.0671875 0.1203125
4 0.5234375 0.66875 0.0703125 0.1234375