12 0.2984375 0.04921875 0.096875 0.0984375
12 0.2984375 0.04921875 0.096875 0.0984375
8 0.19375 0.33125 0.1359375 0.2375
11 0.42890625 0.12109375 0.1078125 0.19375
7 0.27109375 0.08984375 0.0921875 0.1578125
7 0.37734375 0.396875 0.0984375 0.1609375
9 0.175 0.71953125 0.1203125 0.184375
10 0.353125 0.12421875 0.0734375 0.128125
10 0.30078125 0.2890625 0.078125 0.1203125
10 0.27734375 0.384375 0.0828125 0.13125
10 0.34609375 0.53046875 0.0875 0.13125
2 0.8078125 0.36875 0.13125 0.2265625
3 0.37890625 0.76171875 0.109375 0.1734375
1 0.6734375 0.190625 0.0796875 0.146875
3 0.49765625 0.2390625 0.0921875 0.15
6 0.66328125 0.109375 0.08125 0.1375
6 0.57890625 0.171875 0.0875 0.1421875
4 0.4921875 0.1703125 0.0703125 0.1171875
4 0.675 0.82890625 0.090625 0.13125
4 0.7140625 0.390625 0.0734375 0.1171875
4 0.59453125 0.56328125 0.078125 0.1234375
4 0.50546875 0.6703125 0.08125 0.1265625