8 0.15234375 0.44765625 0.1109375 0.2046875
2 0.74921875 0.303125 0.115625 0.2015625
11 0.1453125 0.359375 0.103125 0.18125
5 0.7265625 0.23515625 0.10625 0.175
9 0.2015625 0.6796875 0.1015625 0.1484375
3 0.41953125 0.4078125 0.0859375 0.14375
3 0.49765625 0.11953125 0.078125 0.1421875
7 0.16875 0.57265625 0.0875 0.1421875
9 0.296875 0.2375 0.078125 0.140625
12 0.321875 0.79453125 0.090625 0.1421875
7 0.13125 0.2859375 0.0796875 0.1390625
1 0.6734375 0.159375 0.0765625 0.1375
1 0.73046875 0.559375 0.0875 0.140625
1 0.8875 0.64296875 0.0984375 0.1390625
1 0.6296875 0.0390625 0.071875 0.078125
10 0.509375 0.7453125 0.075 0.1171875
4 0.64375 0.5828125 0.075 0.115625
4 0.69921875 0.69765625 0.0734375 0.1140625
10 0.2734375 0.57265625 0.08125 0.1140625
12 0.10859375 0.1359375 0.071875 0.1125
10 0.29765625 0.6703125 0.08125 0.1140625
10 0.25859375 0.4671875 0.08125 0.1125
10 0.18515625 0.1234375 0.065625 0.109375
10 0.221875 0.28359375 0.06875 0.1078125
4 0.70390625 0.45703125 0.071875 0.1078125
4 0.46796875 0.29921875 0.0671875 0.10625
4 0.60625 0.19140625 0.0640625 0.10625
10 0.34453125 0.1671875 0.0640625 0.10625
10 0.23671875 0.36875 0.06875 0.1046875
4 0.57578125 0.11640625 0.0625 0.1
4 0.5484375 0.0421875 0.059375 0.084375
4 0.67109375 0.35625 0.071875 0.1140625