8 0.84375 0.4234375 0.0984375 0.203125
2 0.23828125 0.32109375 0.103125 0.2
11 0.84375 0.334375 0.0921875 0.178125
5 0.25546875 0.2515625 0.096875 0.171875
9 0.81015625 0.65859375 0.0921875 0.1453125
3 0.5734375 0.40234375 0.0765625 0.1421875
3 0.47578125 0.1203125 0.0703125 0.140625
7 0.83515625 0.55 0.0796875 0.140625
9 0.684375 0.22421875 0.0703125 0.1390625
12 0.6984375 0.78203125 0.0828125 0.140625
7 0.853125 0.2609375 0.071875 0.1375
1 0.303125 0.17265625 0.06875 0.1359375
1 0.27421875 0.575 0.078125 0.1390625
1 0.1234375 0.6703125 0.090625 0.1359375
1 0.3359375 0.04375 0.065625 0.0875
10 0.5078125 0.7453125 0.0671875 0.115625
4 0.3625 0.5921875 0.06875 0.1140625
4 0.315625 0.7109375 0.0671875 0.1125
10 0.73125 0.55625 0.0734375 0.1125
12 0.86484375 0.109375 0.065625 0.1109375
10 0.7140625 0.65625 0.075 0.1125
10 0.7390625 0.45 0.075 0.109375
10 0.7875 0.10234375 0.059375 0.1078125
10 0.76171875 0.26484375 0.0625 0.10625
4 0.29296875 0.47109375 0.0671875 0.10625
4 0.51796875 0.29765625 0.0609375 0.1046875
4 0.37265625 0.2 0.059375 0.1046875
10 0.63203125 0.1578125 0.0578125 0.1046875
10 0.753125 0.35078125 0.0625 0.103125
4 0.39765625 0.12265625 0.05625 0.0984375
4 0.41796875 0.04453125 0.0546875 0.0890625
4 0.31953125 0.36796875 0.065625 0.1125