6 0.8 0.7796875 0.1 0.1671875
2 0.80546875 0.53671875 0.11875 0.2171875
5 0.6296875 0.3109375 0.0890625 0.18125
4 0.7171875 0.2609375 0.065625 0.115625
4 0.71171875 0.43515625 0.06875 0.1140625
4 0.62109375 0.52265625 0.071875 0.1171875
4 0.590625 0.071875 0.05 0.1015625
4 0.54765625 0.3078125 0.0640625 0.109375
3 0.46015625 0.3859375 0.084375 0.146875
9 0.56640625 0.14140625 0.0734375 0.140625
7 0.428125 0.5890625 0.08125 0.153125
8 0.290625 0.33203125 0.1046875 0.2046875
11 0.396875 0.27265625 0.0875 0.1890625
9 0.36015625 0.465625 0.084375 0.153125
12 0.28046875 0.0359375 0.0703125 0.071875
10 0.35625 0.03984375 0.0625 0.0796875
10 0.33203125 0.18515625 0.065625 0.1109375
10 0.46953125 0.29296875 0.059375 0.1046875
10 0.409375 0.72421875 0.0765625 0.11875
10 0.24765625 0.57578125 0.0734375 0.1171875
12 0.21953125 0.7015625 0.0984375 0.1484375