6 0.1125 0.63359375 0.1140625 0.171875
2 0.20546875 0.409375 0.1375 0.221875
5 0.45859375 0.27421875 0.10625 0.184375
4 0.3984375 0.19296875 0.075 0.11875
4 0.3328125 0.3546875 0.0796875 0.1171875
4 0.3796875 0.47109375 0.08125 0.1203125
4 0.59140625 0.07265625 0.059375 0.103125
4 0.534375 0.3046875 0.075 0.1125
3 0.5828125 0.4125 0.096875 0.15
9 0.58515625 0.1453125 0.0859375 0.14375
7 0.5296875 0.6109375 0.09375 0.15625
8 0.759375 0.43203125 0.1234375 0.209375
11 0.68671875 0.334375 0.1046875 0.190625
9 0.6421875 0.52578125 0.0984375 0.15625
12 0.89765625 0.1453125 0.0796875 0.11875
10 0.8234375 0.1265625 0.071875 0.109375
10 0.78125 0.28125 0.075 0.1140625
10 0.6125 0.32265625 0.06875 0.10625
10 0.49140625 0.7421875 0.0859375 0.121875
10 0.7 0.671875 0.084375 0.1203125
12 0.67421875 0.7984375 0.1109375 0.153125