1 0.67734375 0.1203125 0.071875 0.1375
1 0.49140625 0.32578125 0.0703125 0.1375
5 0.6890625 0.37734375 0.0796875 0.171875
3 0.73203125 0.253125 0.103125 0.196875
6 0.89453125 0.71875 0.096875 0.1484375
6 0.65 0.05625 0.071875 0.1125
3 0.81953125 0.490625 0.09375 0.146875
4 0.653125 0.31328125 0.059375 0.1078125
3 0.57734375 0.328125 0.0828125 0.1453125
4 0.58203125 0.07265625 0.059375 0.1046875
4 0.5203125 0.16875 0.0609375 0.1078125
4 0.47265625 0.26328125 0.059375 0.109375
4 0.5203125 0.44296875 0.06875 0.1125
4 0.7890625 0.7359375 0.0703125 0.1203125
4 0.60625 0.528125 0.065625 0.1140625
4 0.57109375 0.65625 0.071875 0.1171875
9 0.32421875 0.35625 0.0796875 0.1390625
12 0.3984375 0.79921875 0.0875 0.1453125
12 0.13203125 0.15 0.0671875 0.1234375
7 0.13046875 0.21015625 0.0796875 0.1484375
7 0.17578125 0.721875 0.0890625 0.15
8 0.15234375 0.46875 0.1046875 0.20625
10 0.375 0.2640625 0.0609375 0.1078125
11 0.22890625 0.26484375 0.0953125 0.175
10 0.34296875 0.1078125 0.059375 0.1046875
10 0.21796875 0.2078125 0.0578125 0.103125
10 0.2359375 0.3828125 0.065625 0.109375
10 0.25390625 0.4796875 0.0703125 0.1171875
10 0.28125 0.70859375 0.0640625 0.1078125
10 0.44140625 0.56484375 0.0640625 0.121875
10 0.50078125 0.79296875 0.075 0.1171875