1 0.23046875 0.1796875 0.0609375 0.134375
1 0.46328125 0.32890625 0.059375 0.134375
5 0.28515625 0.43046875 0.065625 0.16875
3 0.2125 0.32109375 0.0875 0.19375
6 0.175 0.81328125 0.0859375 0.14375
6 0.23828125 0.1046875 0.0625 0.121875
3 0.1890625 0.5734375 0.0828125 0.1421875
4 0.30390625 0.359375 0.0515625 0.10625
3 0.38046875 0.3546875 0.0703125 0.140625
4 0.31015625 0.1078125 0.05 0.103125
4 0.39453125 0.18515625 0.053125 0.10625
4 0.465625 0.26484375 0.0515625 0.1078125
4 0.465625 0.45078125 0.059375 0.109375
4 0.28203125 0.803125 0.0625 0.1171875
4 0.4046875 0.5546875 0.05625 0.1109375
4 0.471875 0.66953125 0.0625 0.1140625
9 0.6328125 0.315625 0.06875 0.1359375
12 0.67578125 0.76328125 0.075 0.1421875
12 0.76484375 0.06640625 0.0578125 0.1203125
7 0.78203125 0.125 0.0671875 0.1453125
7 0.8703125 0.63046875 0.078125 0.146875
8 0.82734375 0.3796875 0.0875 0.203125
10 0.559375 0.23984375 0.053125 0.10625
11 0.70078125 0.20234375 0.0828125 0.171875
10 0.55 0.08046875 0.05 0.1015625
10 0.696875 0.14453125 0.05 0.1
10 0.725 0.31875 0.0578125 0.10625
10 0.7328125 0.4171875 0.0609375 0.1140625
10 0.76484375 0.64453125 0.05625 0.1046875
10 0.5734375 0.54765625 0.0546875 0.11875
10 0.575 0.78359375 0.065625 0.1125