6 0.48046875 0.0578125 0.0703125 0.115625
6 0.1265625 0.6734375 0.09375 0.1484375
2 0.23984375 0.3234375 0.11875 0.209375
5 0.4375 0.28125 0.09375 0.1796875
4 0.3921875 0.1203125 0.0609375 0.1109375
4 0.3671875 0.20390625 0.059375 0.1109375
4 0.31953125 0.3734375 0.0671875 0.1109375
4 0.29375 0.475 0.065625 0.1125
4 0.5171875 0.30078125 0.0640625 0.109375
4 0.54921875 0.06875 0.0609375 0.109375
3 0.46796875 0.12109375 0.0671875 0.1359375
3 0.57421875 0.40546875 0.084375 0.15
7 0.70390625 0.78046875 0.0875 0.1484375
7 0.83984375 0.54296875 0.0875 0.146875
12 0.86171875 0.10625 0.078125 0.1171875
8 0.8453125 0.41796875 0.1078125 0.2125
11 0.6703125 0.32109375 0.1015625 0.178125
9 0.68203125 0.2171875 0.0734375 0.1421875
9 0.81484375 0.6515625 0.0953125 0.1515625
10 0.59375 0.31640625 0.0609375 0.1109375
10 0.78359375 0.09609375 0.065625 0.1109375
10 0.75546875 0.25234375 0.06875 0.115625
10 0.7171875 0.6515625 0.0828125 0.1234375
10 0.5171875 0.73828125 0.08125 0.125