6 0.61953125 0.071875 0.0609375 0.1140625
6 0.82421875 0.753125 0.0828125 0.14375
2 0.79296875 0.38671875 0.103125 0.2046875
5 0.61015625 0.30078125 0.0796875 0.175
4 0.68984375 0.1546875 0.053125 0.1078125
4 0.69609375 0.24140625 0.05 0.109375
4 0.7046875 0.4171875 0.0578125 0.1078125
4 0.70703125 0.52265625 0.05625 0.109375
4 0.528125 0.30234375 0.0546875 0.10625
4 0.54921875 0.06875 0.053125 0.10625
3 0.61640625 0.1375 0.05625 0.1328125
3 0.44921875 0.39140625 0.071875 0.1453125
7 0.23828125 0.72734375 0.0765625 0.14375
7 0.159375 0.46484375 0.0765625 0.1421875
12 0.23671875 0.04609375 0.0703125 0.0921875
8 0.18203125 0.3421875 0.090625 0.2078125
11 0.37421875 0.2875 0.0875 0.1734375
9 0.3859375 0.18359375 0.0609375 0.1390625
9 0.159375 0.57734375 0.0828125 0.146875
10 0.45 0.3 0.0515625 0.1078125
10 0.3140625 0.0484375 0.05625 0.096875
10 0.30703125 0.2015625 0.059375 0.1125
10 0.25390625 0.5984375 0.0734375 0.11875
10 0.4296875 0.728125 0.071875 0.1203125