2 0.2890625 0.240625 0.1234375 0.2140625
6 0.2 0.45625 0.1015625 0.146875
6 0.37421875 0.0546875 0.0828125 0.109375
3 0.446875 0.31796875 0.090625 0.1515625
3 0.32734375 0.61640625 0.10625 0.165625
4 0.19921875 0.71640625 0.0859375 0.1265625
5 0.49921875 0.421875 0.10625 0.1859375
4 0.50390625 0.165625 0.075 0.121875
4 0.35859375 0.30546875 0.071875 0.1171875
4 0.38828125 0.51328125 0.078125 0.121875
4 0.4171875 0.65078125 0.071875 0.1203125
4 0.54296875 0.26640625 0.0734375 0.1125
1 0.4546875 0.0640625 0.084375 0.128125
1 0.62734375 0.57109375 0.0953125 0.159375
11 0.734375 0.19453125 0.103125 0.184375
8 0.8484375 0.48984375 0.1328125 0.21875
9 0.68515625 0.8421875 0.1046875 0.1671875
12 0.89453125 0.17265625 0.0796875 0.134375
7 0.8875 0.234375 0.0859375 0.1515625
7 0.80859375 0.74375 0.1046875 0.1640625
9 0.68515625 0.3703125 0.096875 0.153125
10 0.68515625 0.11875 0.075 0.11875
10 0.64296875 0.27265625 0.0734375 0.1203125
10 0.80078125 0.23125 0.0734375 0.115625
10 0.7734375 0.40078125 0.0734375 0.1140625
10 0.74921875 0.49921875 0.08125 0.125
10 0.703125 0.7203125 0.0796875 0.121875