2 0.76015625 0.28984375 0.084375 0.203125
6 0.80234375 0.5203125 0.075 0.1375
6 0.71796875 0.07734375 0.0578125 0.128125
3 0.58984375 0.3328125 0.0625 0.14375
3 0.64453125 0.65 0.0765625 0.15625
4 0.74921875 0.77421875 0.0640625 0.1171875
5 0.5171875 0.4234375 0.071875 0.1765625
4 0.565625 0.17265625 0.053125 0.1140625
4 0.67890625 0.3390625 0.0515625 0.1109375
4 0.60703125 0.5359375 0.05625 0.1140625
4 0.54921875 0.66484375 0.05 0.1140625
4 0.50625 0.26328125 0.053125 0.10625
1 0.63671875 0.075 0.0578125 0.140625
1 0.3609375 0.54296875 0.0671875 0.15
11 0.33359375 0.15234375 0.06875 0.1765625
8 0.1609375 0.4171875 0.0921875 0.2078125
9 0.24765625 0.796875 0.075 0.15625
12 0.18203125 0.09765625 0.05625 0.128125
7 0.1765625 0.159375 0.0578125 0.1453125
7 0.14765625 0.67421875 0.075 0.153125
9 0.34609375 0.33515625 0.06875 0.14375
10 0.3984375 0.08828125 0.0546875 0.1109375
10 0.4078125 0.24765625 0.0515625 0.1140625
10 0.26171875 0.17421875 0.053125 0.109375
10 0.253125 0.34609375 0.053125 0.10625
10 0.25625 0.44765625 0.059375 0.1171875
10 0.25546875 0.6734375 0.0578125 0.1140625