1 0.63984375 0.1734375 0.0734375 0.1484375
2 0.7921875 0.3296875 0.1109375 0.2171875
6 0.54765625 0.24921875 0.078125 0.1296875
3 0.46953125 0.24375 0.0796875 0.1375
3 0.40625 0.76953125 0.096875 0.1671875
4 0.70625 0.8078125 0.08125 0.1390625
6 0.61953125 0.09375 0.075 0.134375
4 0.7 0.36484375 0.0703125 0.1171875
4 0.521875 0.6703125 0.0703125 0.1265625
4 0.6015625 0.54921875 0.075 0.128125
4 0.5328125 0.171875 0.0625 0.115625
4 0.459375 0.1703125 0.059375 0.1203125
8 0.17734375 0.36796875 0.1078125 0.215625
11 0.390625 0.128125 0.0828125 0.1828125
9 0.203125 0.75390625 0.1015625 0.16875
12 0.25 0.06015625 0.075 0.1203125
7 0.23125 0.11484375 0.0765625 0.153125
7 0.36640625 0.41015625 0.078125 0.1515625
10 0.46328125 0.078125 0.0625 0.1140625
10 0.315625 0.140625 0.065625 0.1125
10 0.28125 0.3125 0.0671875 0.11875
10 0.26953125 0.41015625 0.0703125 0.125
10 0.3484375 0.54375 0.071875 0.1265625