1 0.43671875 0.15 0.071875 0.1484375
2 0.253125 0.26796875 0.1078125 0.215625
6 0.51015625 0.2453125 0.0765625 0.128125
3 0.5875 0.25703125 0.078125 0.1375
3 0.53046875 0.78359375 0.09375 0.165625
4 0.2296875 0.75390625 0.0796875 0.1390625
6 0.475 0.07734375 0.0734375 0.134375
4 0.33515625 0.3234375 0.06875 0.115625
4 0.440625 0.6609375 0.0671875 0.1265625
4 0.38984375 0.525 0.0734375 0.128125
4 0.5421875 0.17265625 0.0609375 0.1140625
4 0.6140625 0.1875 0.0578125 0.1203125
8 0.84375 0.44453125 0.1046875 0.215625
11 0.68984375 0.1625 0.0796875 0.1828125
9 0.7328125 0.8140625 0.0984375 0.1671875
12 0.84296875 0.12109375 0.071875 0.1328125
7 0.8484375 0.18515625 0.0734375 0.1515625
7 0.65078125 0.44296875 0.075 0.15
10 0.63046875 0.09765625 0.0609375 0.1140625
10 0.76015625 0.19140625 0.0625 0.1109375
10 0.75546875 0.36640625 0.065625 0.11875
10 0.74453125 0.46484375 0.06875 0.1234375
10 0.63828125 0.5765625 0.06875 0.125