5 0.2328125 0.27578125 0.078125 0.159375
2 0.2234375 0.3484375 0.084375 0.190625
1 0.19296875 0.471875 0.065625 0.134375
1 0.2671875 0.19453125 0.05625 0.128125
3 0.2828125 0.12109375 0.065625 0.1140625
3 0.16640625 0.5890625 0.0796875 0.125
6 0.2890625 0.05078125 0.053125 0.1015625
6 0.1453125 0.71015625 0.0765625 0.1296875
4 0.2453125 0.71875 0.0578125 0.1046875
4 0.26796875 0.59921875 0.05625 0.1046875
4 0.28984375 0.49375 0.05 0.0984375
4 0.30859375 0.3921875 0.0515625 0.1
4 0.328125 0.29609375 0.0515625 0.096875
4 0.34375 0.21484375 0.046875 0.0984375
4 0.359375 0.13515625 0.046875 0.090625
4 0.36953125 0.05390625 0.046875 0.0953125
11 0.8234375 0.3 0.0734375 0.1703125
8 0.8328125 0.3859375 0.0765625 0.1953125
7 0.82578125 0.2265625 0.0578125 0.1328125
7 0.83828125 0.51171875 0.0640625 0.134375
9 0.8140625 0.146875 0.059375 0.1296875
9 0.825 0.625 0.075 0.1453125
12 0.83828125 0.7703125 0.071875 0.1375
12 0.81953125 0.07265625 0.053125 0.1046875
10 0.74296875 0.071875 0.0453125 0.0984375
10 0.73984375 0.153125 0.0484375 0.090625
10 0.7359375 0.240625 0.0484375 0.1
10 0.73515625 0.3234375 0.0546875 0.1015625
10 0.72734375 0.425 0.0546875 0.1015625
10 0.734375 0.53046875 0.0609375 0.10625
10 0.7265625 0.63203125 0.0578125 0.109375
10 0.7296875 0.75625 0.0625 0.10625