5 0.8109375 0.3421875 0.0921875 0.1640625
2 0.80390625 0.4140625 0.1 0.1953125
1 0.80546875 0.5421875 0.0765625 0.1375
1 0.79609375 0.2546875 0.0671875 0.13125
3 0.796875 0.1796875 0.075 0.1171875
3 0.8046875 0.6625 0.0890625 0.1296875
6 0.80703125 0.10859375 0.0609375 0.1078125
6 0.7984375 0.784375 0.0859375 0.134375
4 0.69921875 0.7703125 0.0671875 0.1078125
4 0.703125 0.6484375 0.0640625 0.1078125
4 0.70625 0.54140625 0.0578125 0.1015625
4 0.7109375 0.4375 0.059375 0.103125
4 0.71328125 0.33984375 0.059375 0.1
4 0.71640625 0.2578125 0.0546875 0.1015625
4 0.71875 0.1765625 0.0546875 0.09375
4 0.72734375 0.09453125 0.053125 0.096875
11 0.2296875 0.2328125 0.0875 0.1734375
8 0.20078125 0.3140625 0.09375 0.1984375
7 0.24375 0.16015625 0.06875 0.1359375
7 0.16796875 0.43515625 0.075 0.1375
9 0.2734375 0.08515625 0.0703125 0.1328125
9 0.15546875 0.54921875 0.0875 0.1484375
12 0.109375 0.6875 0.0828125 0.1421875
12 0.28359375 0.0328125 0.0609375 0.065625
10 0.359375 0.0390625 0.053125 0.078125
10 0.34453125 0.10859375 0.05625 0.09375
10 0.328125 0.19453125 0.05625 0.103125
10 0.31015625 0.275 0.0625 0.1046875
10 0.2953125 0.37578125 0.0625 0.1046875
10 0.26484375 0.47734375 0.06875 0.109375
10 0.25 0.57734375 0.0671875 0.1125
10 0.21875 0.6984375 0.0703125 0.1109375