6 0.86953125 0.6796875 0.096875 0.1625
4 0.4578125 0.06171875 0.0671875 0.1125
2 0.76875 0.33046875 0.1125 0.2171875
5 0.5671875 0.2796875 0.0921875 0.1875
4 0.68515625 0.378125 0.071875 0.1078125
4 0.63671875 0.20859375 0.06875 0.10625
4 0.61328125 0.125 0.0625 0.1109375
4 0.49140625 0.3015625 0.0609375 0.1125
4 0.62734375 0.496875 0.071875 0.121875
3 0.42578125 0.4046875 0.0890625 0.15
7 0.45859375 0.609375 0.0875 0.1546875
11 0.334375 0.3125 0.0921875 0.196875
9 0.45859375 0.13984375 0.078125 0.153125
9 0.184375 0.64921875 0.0984375 0.1578125
8 0.15546875 0.4109375 0.10625 0.2109375
12 0.14609375 0.1015625 0.08125 0.1203125
12 0.29140625 0.77421875 0.0953125 0.1484375
10 0.28203125 0.6484375 0.075 0.1234375
10 0.41171875 0.31171875 0.06875 0.1140625
10 0.22578125 0.090625 0.0625 0.1125
10 0.25 0.25390625 0.0671875 0.10625
10 0.484375 0.7390625 0.0796875 0.128125