6 0.84453125 0.7234375 0.0796875 0.1546875
4 0.51171875 0.06015625 0.0546875 0.1078125
2 0.7875 0.36484375 0.0875 0.209375
5 0.59296875 0.28984375 0.0703125 0.18125
4 0.6984375 0.4015625 0.0609375 0.1015625
4 0.67109375 0.22734375 0.0578125 0.1
4 0.6578125 0.14140625 0.05 0.10625
4 0.515625 0.30234375 0.0484375 0.109375
4 0.6265625 0.5125 0.0578125 0.115625
3 0.43828125 0.39609375 0.0734375 0.1421875
7 0.4453125 0.603125 0.0703125 0.1484375
11 0.3578125 0.29375 0.0703125 0.190625
9 0.503125 0.1375 0.0609375 0.1484375
9 0.16796875 0.609375 0.08125 0.1484375
8 0.16875 0.36953125 0.0828125 0.203125
12 0.196875 0.06171875 0.0671875 0.1140625
12 0.259375 0.74609375 0.0796875 0.140625
10 0.265625 0.6203125 0.0609375 0.1171875
10 0.4359375 0.30234375 0.05625 0.109375
10 0.27734375 0.06015625 0.05 0.1078125
10 0.28203125 0.22578125 0.0546875 0.1
10 0.45546875 0.73515625 0.065625 0.121875