5 0.75625 0.25 0.078125 0.15
2 0.771875 0.32890625 0.103125 0.1921875
1 0.71953125 0.18203125 0.06875 0.1328125
1 0.80078125 0.45703125 0.075 0.1328125
6 0.69296875 0.103125 0.0703125 0.121875
6 0.83828125 0.5625 0.0890625 0.1390625
6 0.6796875 0.04609375 0.0625 0.0921875
6 0.86875 0.68515625 0.090625 0.1375
4 0.59609375 0.04765625 0.0546875 0.0953125
4 0.6140625 0.125 0.0546875 0.096875
4 0.63515625 0.203125 0.0578125 0.1
4 0.65625 0.2796875 0.059375 0.1109375
4 0.68359375 0.37265625 0.0546875 0.1078125
4 0.71015625 0.47265625 0.0578125 0.1109375
4 0.73828125 0.58125 0.0609375 0.1109375
4 0.76953125 0.6984375 0.0671875 0.121875
11 0.16015625 0.32421875 0.0875 0.171875
8 0.159375 0.4109375 0.09375 0.1984375
7 0.1546875 0.24921875 0.0703125 0.134375
7 0.16171875 0.53359375 0.078125 0.1453125
9 0.1515625 0.17421875 0.0703125 0.125
9 0.1765625 0.6671875 0.0859375 0.14375
12 0.18125 0.7921875 0.0859375 0.1484375
12 0.14921875 0.09765625 0.065625 0.1125
10 0.22265625 0.09140625 0.059375 0.09375
10 0.23359375 0.171875 0.059375 0.096875
10 0.24453125 0.25625 0.059375 0.103125
10 0.24921875 0.34296875 0.06875 0.1046875
10 0.26328125 0.44296875 0.0703125 0.1109375
10 0.265625 0.5453125 0.071875 0.103125
10 0.28046875 0.64765625 0.075 0.1125
10 0.28671875 0.7703125 0.075 0.1109375