5 0.784375 0.28359375 0.0625 0.14375
2 0.790625 0.36328125 0.08125 0.184375
1 0.75703125 0.2109375 0.053125 0.128125
1 0.80390625 0.49375 0.0609375 0.128125
6 0.73984375 0.1296875 0.05625 0.115625
6 0.828125 0.60390625 0.0734375 0.13125
6 0.73515625 0.0625 0.05 0.1078125
6 0.84296875 0.728125 0.0765625 0.1296875
4 0.6515625 0.0625 0.04375 0.09375
4 0.65859375 0.14140625 0.0453125 0.0921875
4 0.6703125 0.221875 0.046875 0.0953125
4 0.68203125 0.30078125 0.046875 0.10625
4 0.69765625 0.39609375 0.04375 0.103125
4 0.71171875 0.4984375 0.0453125 0.10625
4 0.7265625 0.609375 0.0484375 0.10625
4 0.74296875 0.73046875 0.0546875 0.1171875
11 0.184375 0.284375 0.0671875 0.165625
8 0.17265625 0.36953125 0.071875 0.1921875
7 0.1875 0.209375 0.0546875 0.1296875
7 0.16015625 0.4921875 0.0625 0.1390625
9 0.19375 0.134375 0.05625 0.1203125
9 0.15859375 0.6265625 0.0703125 0.1359375
12 0.1484375 0.7515625 0.0703125 0.1421875
12 0.20078125 0.05859375 0.053125 0.1078125
10 0.27421875 0.0609375 0.0484375 0.0890625
10 0.27578125 0.1421875 0.05 0.0921875
10 0.2765625 0.22734375 0.0484375 0.0984375
10 0.2703125 0.31328125 0.0578125 0.1
10 0.271875 0.41484375 0.059375 0.10625
10 0.26171875 0.51640625 0.0609375 0.096875
10 0.2640625 0.61953125 0.0625 0.10625
10 0.2546875 0.74296875 0.0625 0.1046875