10 0.70234375 0.15390625 0.046875 0.09375
4 0.30703125 0.35703125 0.05 0.1015625
2 0.215625 0.31640625 0.0859375 0.209375
4 0.471875 0.2609375 0.0484375 0.09375
10 0.70234375 0.08515625 0.0609375 0.10625
4 0.40234375 0.18203125 0.0546875 0.1015625
1 0.240625 0.178125 0.0640625 0.13125
11 0.703125 0.19609375 0.0796875 0.1328125
10 0.715625 0.31484375 0.065625 0.1265625
4 0.315625 0.1078125 0.0484375 0.0921875
10 0.56796875 0.24296875 0.053125 0.109375
8 0.8328125 0.3859375 0.0828125 0.184375
7 0.78828125 0.1453125 0.0765625 0.153125
3 0.475 0.34375 0.0703125 0.13125
12 0.77890625 0.0828125 0.075 0.1515625
10 0.56875 0.55234375 0.0671875 0.1140625
3 0.3875 0.3390625 0.06875 0.14375
5 0.2859375 0.440625 0.0828125 0.159375
4 0.46171875 0.66015625 0.0640625 0.109375
10 0.76171875 0.64765625 0.059375 0.1078125
6 0.25234375 0.1015625 0.059375 0.1015625
4 0.40390625 0.55078125 0.0609375 0.11875
6 0.17109375 0.80234375 0.08125 0.146875
7 0.87421875 0.6328125 0.0796875 0.1453125
3 0.190625 0.56171875 0.0890625 0.128125
9 0.8453125 0.51953125 0.08125 0.1515625
9 0.6390625 0.31640625 0.0703125 0.1453125
10 0.7328125 0.4109375 0.0703125 0.13125
4 0.46875 0.45546875 0.0609375 0.1140625
10 0.5796875 0.77578125 0.0703125 0.1234375
12 0.6703125 0.76875 0.0796875 0.1484375
4 0.27265625 0.79296875 0.0625 0.1171875