10 0.6453125 0.1265625 0.059375 0.0984375
4 0.28671875 0.3890625 0.0640625 0.10625
2 0.18984375 0.36328125 0.115625 0.215625
4 0.434375 0.26796875 0.0609375 0.0984375
10 0.634375 0.05859375 0.075 0.1125
4 0.35390625 0.20078125 0.06875 0.10625
1 0.19375 0.22265625 0.08125 0.1359375
11 0.653125 0.16796875 0.096875 0.140625
10 0.684375 0.28359375 0.0828125 0.1328125
4 0.25703125 0.14140625 0.0609375 0.096875
10 0.52734375 0.2359375 0.06875 0.1140625
8 0.8109375 0.33515625 0.109375 0.190625
7 0.7296875 0.1046875 0.096875 0.1609375
3 0.45078125 0.34921875 0.0890625 0.1375
12 0.709375 0.06171875 0.096875 0.1234375
10 0.57578125 0.540625 0.0828125 0.1203125
3 0.3640625 0.35859375 0.0890625 0.15
5 0.27890625 0.475 0.1046875 0.1671875
4 0.4875 0.6640625 0.0796875 0.115625
10 0.78125 0.6046875 0.0734375 0.1125
6 0.19296875 0.1453125 0.0734375 0.1078125
4 0.41328125 0.56484375 0.078125 0.125
6 0.22265625 0.85 0.1015625 0.15625
7 0.890625 0.57265625 0.1 0.153125
3 0.20390625 0.609375 0.10625 0.1390625
9 0.84375 0.465625 0.1015625 0.159375
9 0.60859375 0.296875 0.090625 0.1515625
10 0.715625 0.37578125 0.0890625 0.1375
4 0.46171875 0.4609375 0.078125 0.1203125
10 0.621875 0.759375 0.0875 0.1296875
12 0.71015625 0.73828125 0.1 0.15625
4 0.321875 0.825 0.0796875 0.1234375