2 0.79765625 0.33828125 0.096875 0.2
5 0.7140625 0.45 0.09375 0.1875
6 0.803125 0.828125 0.0953125 0.14375
6 0.78828125 0.12109375 0.0734375 0.125
1 0.35390625 0.5203125 0.0828125 0.15
1 0.7078125 0.10390625 0.071875 0.146875
3 0.6265625 0.359375 0.0765625 0.1484375
3 0.62265625 0.6796875 0.084375 0.1421875
4 0.590625 0.559375 0.0734375 0.121875
4 0.696875 0.815625 0.0765625 0.1203125
4 0.70234375 0.37265625 0.0578125 0.1125
4 0.6203125 0.1921875 0.05625 0.1109375
4 0.5640625 0.09609375 0.0609375 0.109375
4 0.54765625 0.26875 0.0609375 0.115625
4 0.3625 0.4328125 0.0609375 0.1109375
4 0.51953125 0.6703125 0.065625 0.1203125
12 0.25703125 0.05625 0.0671875 0.1125
12 0.3078125 0.7546875 0.084375 0.15
11 0.31484375 0.19296875 0.090625 0.175
8 0.178125 0.36015625 0.0984375 0.2
7 0.2375 0.11171875 0.0734375 0.1453125
7 0.1234375 0.6125 0.0859375 0.146875
9 0.159375 0.49921875 0.0921875 0.1421875
9 0.3765625 0.3109375 0.075 0.1375
10 0.45390625 0.23671875 0.0625 0.1140625
10 0.4703125 0.07734375 0.0609375 0.1109375
10 0.321875 0.13828125 0.0609375 0.1046875
10 0.2859375 0.309375 0.0625 0.1125
10 0.22578125 0.63203125 0.071875 0.1203125
10 0.2703125 0.403125 0.06875 0.11875
10 0.4234375 0.5484375 0.0625 0.1171875
10 0.40546875 0.78203125 0.075 0.1234375