2 0.72421875 0.24609375 0.109375 0.203125
5 0.68359375 0.38046875 0.1046875 0.1890625
6 0.89765625 0.7046875 0.1046875 0.1484375
6 0.640625 0.0546875 0.08125 0.109375
1 0.36953125 0.56953125 0.0921875 0.153125
1 0.559375 0.065625 0.08125 0.13125
3 0.5703125 0.32421875 0.0859375 0.1515625
3 0.6765625 0.62734375 0.0921875 0.1453125
4 0.60546875 0.525 0.08125 0.125
4 0.79296875 0.72890625 0.084375 0.1234375
4 0.646875 0.31171875 0.065625 0.1140625
4 0.5078125 0.16953125 0.0640625 0.1125
4 0.421875 0.09921875 0.06875 0.1109375
4 0.465625 0.26640625 0.06875 0.1171875
4 0.34765625 0.48359375 0.0671875 0.1125
4 0.5765625 0.653125 0.0734375 0.1234375
12 0.11796875 0.16171875 0.0734375 0.125
12 0.40703125 0.8046875 0.09375 0.153125
11 0.22109375 0.275 0.1 0.178125
8 0.15 0.47890625 0.1109375 0.2015625
7 0.1203125 0.225 0.0828125 0.146875
7 0.18515625 0.734375 0.0953125 0.15
9 0.1796875 0.61640625 0.1 0.146875
9 0.31953125 0.3640625 0.0828125 0.1390625
10 0.3671875 0.26796875 0.0703125 0.115625
10 0.32734375 0.11328125 0.0671875 0.1125
10 0.209375 0.22109375 0.0671875 0.10625
10 0.23359375 0.39375 0.0703125 0.1140625
10 0.2875 0.71796875 0.0796875 0.1234375
10 0.2515625 0.4875 0.0765625 0.121875
10 0.4453125 0.571875 0.0703125 0.11875
10 0.50703125 0.796875 0.08125 0.1265625