6 0.6484375 0.05703125 0.078125 0.1140625
6 0.89609375 0.7109375 0.1 0.1484375
2 0.7296875 0.25078125 0.109375 0.20625
5 0.68828125 0.371875 0.0953125 0.175
4 0.65 0.31171875 0.0609375 0.1109375
4 0.79296875 0.73046875 0.075 0.11875
3 0.81953125 0.48515625 0.0953125 0.1375
3 0.575 0.32421875 0.08125 0.146875
1 0.5703125 0.06484375 0.075 0.1296875
1 0.48359375 0.334375 0.0859375 0.146875
4 0.4296875 0.09609375 0.0609375 0.10625
4 0.5140625 0.1671875 0.0609375 0.109375
4 0.46953125 0.2671875 0.065625 0.1125
4 0.52265625 0.4390625 0.0640625 0.1109375
4 0.60625 0.5265625 0.0671875 0.11875
4 0.57421875 0.65546875 0.075 0.1234375
9 0.321875 0.36015625 0.084375 0.1453125
9 0.175 0.609375 0.1 0.14375
8 0.153125 0.4734375 0.10625 0.203125
7 0.18125 0.7296875 0.0921875 0.1484375
7 0.1265625 0.21796875 0.08125 0.14375
12 0.12578125 0.15703125 0.0703125 0.1296875
12 0.403125 0.80234375 0.0921875 0.1484375
10 0.2828125 0.71328125 0.0734375 0.11875
10 0.25234375 0.484375 0.071875 0.109375
10 0.2359375 0.38984375 0.06875 0.1078125
11 0.225 0.2703125 0.1 0.175
10 0.21484375 0.21328125 0.0578125 0.1
10 0.33671875 0.1125 0.0625 0.1078125
10 0.36953125 0.26484375 0.0640625 0.109375
10 0.4421875 0.571875 0.071875 0.1171875
10 0.50390625 0.79296875 0.078125 0.1234375