6 0.68828125 0.0640625 0.0671875 0.1265625
6 0.87578125 0.74453125 0.0890625 0.14375
2 0.75 0.271875 0.0921875 0.203125
5 0.69921875 0.3890625 0.0828125 0.171875
4 0.665625 0.32578125 0.0515625 0.1078125
4 0.771875 0.7546875 0.0671875 0.115625
3 0.81953125 0.5125 0.084375 0.1328125
3 0.58984375 0.33125 0.0703125 0.14375
1 0.60859375 0.06796875 0.0640625 0.1359375
1 0.4984375 0.33359375 0.075 0.14375
4 0.46484375 0.09140625 0.053125 0.103125
4 0.54296875 0.16953125 0.053125 0.10625
4 0.490625 0.265625 0.0578125 0.109375
4 0.52734375 0.44140625 0.0546875 0.109375
4 0.603125 0.53515625 0.059375 0.115625
4 0.56015625 0.6609375 0.065625 0.1203125
9 0.334375 0.3453125 0.0734375 0.140625
9 0.16640625 0.58046875 0.0890625 0.1390625
8 0.15703125 0.44296875 0.090625 0.2
7 0.1625 0.7015625 0.08125 0.14375
7 0.153125 0.18671875 0.0703125 0.140625
12 0.1578125 0.12578125 0.0609375 0.1265625
12 0.3765625 0.79296875 0.08125 0.1453125
10 0.26484375 0.69375 0.0640625 0.115625
10 0.2546875 0.46328125 0.0640625 0.10625
10 0.24609375 0.3671875 0.0609375 0.1046875
11 0.24609375 0.246875 0.0875 0.171875
10 0.24140625 0.1890625 0.0515625 0.096875
10 0.371875 0.09921875 0.0546875 0.1046875
10 0.38984375 0.2546875 0.05625 0.10625
10 0.4359375 0.56640625 0.0625 0.1140625
10 0.478125 0.7921875 0.06875 0.11875