2 0.24375 0.28671875 0.0890625 0.2046875
3 0.4140625 0.33359375 0.0625 0.146875
3 0.54453125 0.78203125 0.075 0.1640625
6 0.45234375 0.0765625 0.0625 0.13125
6 0.48046875 0.4328125 0.06875 0.140625
4 0.24375 0.76796875 0.06875 0.1265625
4 0.32578125 0.3328125 0.0578125 0.1125
4 0.390625 0.534375 0.05625 0.11875
4 0.44921875 0.6609375 0.0640625 0.1171875
4 0.496875 0.26328125 0.059375 0.10625
4 0.525 0.17265625 0.05625 0.1125
1 0.4203125 0.1546875 0.059375 0.153125
1 0.64375 0.54609375 0.075 0.153125
11 0.67109375 0.15625 0.0671875 0.1796875
9 0.74609375 0.80234375 0.08125 0.165625
9 0.66015625 0.33203125 0.0671875 0.1375
7 0.64609375 0.4375 0.0640625 0.140625
7 0.8328125 0.16796875 0.0765625 0.1453125
12 0.8234375 0.10859375 0.0625 0.1234375
8 0.840625 0.4234375 0.0890625 0.20625
10 0.6109375 0.09140625 0.05625 0.1125
10 0.7421875 0.1796875 0.05625 0.1078125
10 0.74765625 0.35 0.0546875 0.1046875
10 0.74375 0.44765625 0.059375 0.1140625
10 0.74140625 0.6796875 0.0640625 0.11875