1 0.27578125 0.5796875 0.0921875 0.1453125
2 0.2359375 0.32265625 0.1109375 0.2125
5 0.434375 0.28046875 0.0875 0.1859375
6 0.1296875 0.67734375 0.1015625 0.1453125
6 0.48125 0.05859375 0.065625 0.1171875
4 0.39375 0.121875 0.0609375 0.1125
4 0.36953125 0.2015625 0.065625 0.1109375
4 0.3171875 0.37265625 0.0703125 0.1140625
4 0.29375 0.4734375 0.06875 0.115625
4 0.3234375 0.715625 0.075 0.1265625
4 0.55 0.06875 0.0625 0.1140625
4 0.5109375 0.3 0.0640625 0.1109375
3 0.46875 0.12421875 0.0734375 0.1421875
3 0.57265625 0.40546875 0.0796875 0.1515625
11 0.6671875 0.31953125 0.0921875 0.1796875
12 0.70625 0.775 0.0875 0.140625
12 0.86171875 0.10625 0.075 0.1171875
8 0.84609375 0.415625 0.103125 0.2015625
7 0.83984375 0.54140625 0.084375 0.1453125
9 0.68203125 0.215625 0.0734375 0.1359375
9 0.8171875 0.6546875 0.0953125 0.153125
10 0.59375 0.31328125 0.065625 0.1125
10 0.78046875 0.09765625 0.0640625 0.109375
10 0.753125 0.25390625 0.065625 0.1109375
10 0.73828125 0.4453125 0.0765625 0.1125
10 0.73203125 0.54921875 0.071875 0.1109375
10 0.715625 0.65234375 0.075 0.1171875
10 0.51171875 0.74296875 0.0734375 0.1265625