1 0.2703125 0.56015625 0.103125 0.15
2 0.25234375 0.30078125 0.1265625 0.215625
5 0.45390625 0.27578125 0.1015625 0.1875
6 0.115625 0.64375 0.1125 0.15
6 0.51875 0.059375 0.075 0.11875
4 0.42734375 0.1140625 0.06875 0.1140625
4 0.39609375 0.19140625 0.0734375 0.1125
4 0.32890625 0.3578125 0.078125 0.1171875
4 0.296875 0.45546875 0.078125 0.11875
4 0.30546875 0.69921875 0.084375 0.1296875
4 0.5875 0.075 0.0703125 0.115625
4 0.528125 0.3015625 0.071875 0.1125
3 0.5015625 0.12265625 0.0828125 0.14375
3 0.58046875 0.4125 0.090625 0.1546875
11 0.68203125 0.334375 0.1046875 0.18125
12 0.68203125 0.79140625 0.096875 0.14375
12 0.89453125 0.1390625 0.084375 0.1203125
8 0.85234375 0.44609375 0.11875 0.2046875
7 0.83515625 0.5703125 0.09375 0.1484375
9 0.70625 0.2328125 0.084375 0.1390625
9 0.80234375 0.68203125 0.10625 0.15625
10 0.609375 0.321875 0.0734375 0.115625
10 0.81484375 0.1234375 0.0734375 0.1125
10 0.77421875 0.2765625 0.0734375 0.1125
10 0.7421875 0.46640625 0.084375 0.115625
10 0.7265625 0.56953125 0.0796875 0.1140625
10 0.7015625 0.6703125 0.0828125 0.1203125
10 0.490625 0.74296875 0.0828125 0.128125