9 0.4359375 0.15703125 0.0625 0.1421875
9 0.2296875 0.78671875 0.08125 0.1609375
8 0.165625 0.40390625 0.0890625 0.215625
11 0.35 0.14921875 0.06875 0.1765625
12 0.2046875 0.0828125 0.071875 0.1328125
7 0.19296875 0.14609375 0.06875 0.1484375
7 0.35703125 0.4234375 0.0671875 0.15
10 0.41875 0.08203125 0.059375 0.10625
10 0.27890625 0.16015625 0.0546875 0.103125
10 0.26171875 0.33203125 0.059375 0.115625
10 0.2453125 0.65859375 0.059375 0.11875
10 0.2609375 0.4328125 0.059375 0.1203125
2 0.77109375 0.30390625 0.0875 0.2078125
3 0.60078125 0.33828125 0.0625 0.1515625
3 0.4359375 0.78125 0.0734375 0.1546875
6 0.57578125 0.07890625 0.05625 0.13125
6 0.521875 0.4359375 0.065625 0.140625
1 0.603125 0.1609375 0.0515625 0.1515625
1 0.35859375 0.540625 0.065625 0.1515625
4 0.51796875 0.26484375 0.05 0.109375
4 0.4953125 0.171875 0.053125 0.103125
4 0.68828125 0.35078125 0.0546875 0.1125
4 0.73984375 0.7890625 0.0609375 0.121875
4 0.60546875 0.5421875 0.053125 0.128125
4 0.53984375 0.66328125 0.059375 0.125