1 0.66015625 0.18203125 0.0796875 0.153125
2 0.803125 0.35546875 0.1171875 0.2078125
3 0.221875 0.5890625 0.0984375 0.1671875
3 0.36640625 0.40625 0.09375 0.159375
4 0.6828125 0.82890625 0.0828125 0.128125
4 0.7125 0.3828125 0.075 0.1203125
4 0.59921875 0.55859375 0.071875 0.121875
4 0.50859375 0.671875 0.08125 0.13125
6 0.65 0.10078125 0.0765625 0.1359375
6 0.53984375 0.3484375 0.0796875 0.134375
12 0.28125 0.0515625 0.078125 0.103125
4 0.48046875 0.1734375 0.06875 0.11875
8 0.21171875 0.24765625 0.1203125 0.2140625
9 0.18671875 0.73359375 0.1109375 0.1671875
7 0.26015625 0.0921875 0.09375 0.16875
11 0.41796875 0.12578125 0.096875 0.19375
10 0.34140625 0.1296875 0.071875 0.1171875
10 0.29453125 0.296875 0.075 0.1234375
10 0.2765625 0.3921875 0.078125 0.121875
10 0.346875 0.53359375 0.0796875 0.125