1 0.671875 0.1875 0.084375 0.1546875
2 0.8078125 0.365625 0.1234375 0.209375
3 0.21875 0.5796875 0.103125 0.16875
3 0.36953125 0.4015625 0.0984375 0.1609375
4 0.67109375 0.83515625 0.0859375 0.128125
4 0.71640625 0.390625 0.078125 0.121875
4 0.596875 0.56171875 0.0765625 0.1234375
4 0.503125 0.671875 0.0859375 0.1328125
6 0.6640625 0.10625 0.0796875 0.1359375
6 0.5453125 0.35 0.084375 0.1359375
12 0.29609375 0.0484375 0.0828125 0.096875
4 0.4921875 0.17265625 0.071875 0.11875
8 0.2203125 0.2375 0.1265625 0.215625
9 0.178125 0.72265625 0.115625 0.16875
7 0.27421875 0.08359375 0.0984375 0.1671875
11 0.43125 0.1234375 0.103125 0.1953125
10 0.35390625 0.12421875 0.075 0.1171875
10 0.3015625 0.28984375 0.078125 0.1234375
10 0.28046875 0.384375 0.08125 0.121875
10 0.34609375 0.52890625 0.0828125 0.1265625