5 0.4859375 0.41953125 0.08125 0.190625
3 0.4203125 0.32578125 0.0671875 0.15
3 0.34765625 0.64375 0.0828125 0.1609375
2 0.25078125 0.278125 0.0953125 0.2015625
6 0.303125 0.0671875 0.0671875 0.13125
6 0.12890625 0.75234375 0.090625 0.146875
4 0.2328125 0.76015625 0.0734375 0.128125
4 0.33203125 0.328125 0.0625 0.11875
4 0.45390625 0.1703125 0.053125 0.109375
4 0.3890625 0.53046875 0.0625 0.1109375
4 0.44375 0.65859375 0.0671875 0.11875
4 0.50703125 0.265625 0.0578125 0.1203125
1 0.3828125 0.07109375 0.065625 0.1421875
1 0.6390625 0.55078125 0.0734375 0.1515625
12 0.8375 0.1140625 0.0671875 0.1328125
8 0.84296875 0.43125 0.0890625 0.203125
9 0.66484375 0.34453125 0.071875 0.14375
9 0.83203125 0.575 0.084375 0.146875
7 0.84140625 0.1796875 0.0703125 0.1453125
7 0.840625 0.68984375 0.0796875 0.1453125
11 0.75078125 0.2421875 0.0875 0.1671875
10 0.7546875 0.18671875 0.0578125 0.1046875
10 0.6234375 0.09609375 0.0578125 0.10625
10 0.60390625 0.25703125 0.0546875 0.109375
10 0.75390625 0.3609375 0.05625 0.109375
10 0.74609375 0.4609375 0.0640625 0.1140625
10 0.7328125 0.6890625 0.0671875 0.1203125