5 0.4828125 0.4203125 0.075 0.1890625
3 0.4140625 0.32890625 0.0609375 0.1484375
3 0.353125 0.6484375 0.078125 0.1578125
2 0.24296875 0.28671875 0.0890625 0.2
6 0.28828125 0.07421875 0.0625 0.1296875
6 0.13828125 0.76484375 0.0859375 0.14375
4 0.24140625 0.76953125 0.0703125 0.1265625
4 0.3265625 0.334375 0.059375 0.1171875
4 0.4421875 0.17265625 0.05 0.1078125
4 0.390625 0.534375 0.059375 0.109375
4 0.44921875 0.6609375 0.0625 0.1171875
4 0.49921875 0.265625 0.0546875 0.11875
1 0.36796875 0.0734375 0.0609375 0.14375
1 0.640625 0.54609375 0.0671875 0.15
12 0.8234375 0.10234375 0.0625 0.13125
8 0.840625 0.41953125 0.0828125 0.2015625
9 0.659375 0.33828125 0.0671875 0.140625
9 0.834375 0.5640625 0.0796875 0.1453125
7 0.83046875 0.16796875 0.065625 0.14375
7 0.84765625 0.678125 0.075 0.14375
11 0.74140625 0.23359375 0.08125 0.165625
10 0.74375 0.178125 0.0546875 0.103125
10 0.609375 0.0921875 0.0546875 0.1046875
10 0.5953125 0.25390625 0.0515625 0.1078125
10 0.7484375 0.3515625 0.053125 0.1078125
10 0.74453125 0.45234375 0.059375 0.1125
10 0.7390625 0.68046875 0.0625 0.11875