2 0.24765625 0.28046875 0.096875 0.2125
6 0.2984375 0.0703125 0.065625 0.128125
6 0.19453125 0.5109375 0.08125 0.1375
1 0.35234375 0.6484375 0.0765625 0.1609375
1 0.41640625 0.32890625 0.06875 0.14375
5 0.484375 0.42265625 0.078125 0.184375
4 0.503125 0.26484375 0.053125 0.1125
4 0.2390625 0.76484375 0.0671875 0.1234375
4 0.328125 0.33046875 0.059375 0.115625
4 0.39140625 0.534375 0.0671875 0.11875
4 0.44765625 0.6640625 0.0671875 0.11875
4 0.53359375 0.1765625 0.059375 0.10625
1 0.4265625 0.1515625 0.0734375 0.153125
1 0.63828125 0.5484375 0.0796875 0.1453125
11 0.67890625 0.16015625 0.078125 0.184375
12 0.83046875 0.10859375 0.0671875 0.1234375
9 0.740625 0.809375 0.0890625 0.1546875
9 0.66171875 0.33671875 0.06875 0.1375
7 0.6484375 0.4375 0.0625 0.1359375
7 0.8359375 0.17421875 0.06875 0.1421875
8 0.83984375 0.4328125 0.0984375 0.2125
10 0.6140625 0.09609375 0.0515625 0.1140625
10 0.6 0.25390625 0.05625 0.1140625
10 0.74921875 0.18515625 0.0578125 0.1109375
10 0.75 0.35625 0.059375 0.115625
10 0.74453125 0.45546875 0.0609375 0.11875
10 0.7375 0.684375 0.065625 0.121875