2 0.28984375 0.23984375 0.1296875 0.2203125
6 0.37578125 0.0546875 0.0859375 0.109375
6 0.19765625 0.4578125 0.1015625 0.146875
1 0.32890625 0.62109375 0.1015625 0.1671875
1 0.44765625 0.3171875 0.090625 0.15
5 0.49765625 0.42109375 0.1078125 0.190625
4 0.54375 0.26875 0.0703125 0.1171875
4 0.196875 0.715625 0.0859375 0.1296875
4 0.36015625 0.303125 0.0765625 0.1203125
4 0.38671875 0.51484375 0.084375 0.125
4 0.4203125 0.65234375 0.0859375 0.1265625
4 0.5890625 0.1875 0.0765625 0.1125
1 0.48828125 0.14453125 0.096875 0.159375
1 0.628125 0.57109375 0.1015625 0.1546875
11 0.73515625 0.19609375 0.1078125 0.190625
12 0.89296875 0.171875 0.0859375 0.13125
9 0.68359375 0.846875 0.1125 0.1640625
9 0.6875 0.3671875 0.090625 0.14375
7 0.65703125 0.4640625 0.084375 0.1421875
7 0.8875 0.2375 0.090625 0.1484375
8 0.84609375 0.49296875 0.13125 0.221875
10 0.6828125 0.121875 0.06875 0.11875
10 0.64140625 0.275 0.0734375 0.1203125
10 0.8 0.23359375 0.075 0.1171875
10 0.77109375 0.4015625 0.0765625 0.121875
10 0.7484375 0.4984375 0.0796875 0.125
10 0.70234375 0.72265625 0.084375 0.1296875