10 0.22109375 0.6109375 0.078125 0.121875
4 0.50703125 0.67265625 0.0734375 0.1203125
3 0.384375 0.7609375 0.0984375 0.1640625
4 0.678125 0.828125 0.0828125 0.125
9 0.18125 0.725 0.103125 0.1671875
6 0.65703125 0.1046875 0.0765625 0.13125
10 0.50234375 0.075 0.0671875 0.115625
12 0.2875 0.05234375 0.084375 0.1046875
11 0.42265625 0.121875 0.0984375 0.1828125
7 0.265625 0.09296875 0.0921875 0.1484375
1 0.66640625 0.1890625 0.0796875 0.1546875
10 0.3484375 0.125 0.0703125 0.121875
4 0.5578125 0.17734375 0.0625 0.1078125
4 0.56328125 0.27265625 0.0640625 0.1125
2 0.80625 0.353125 0.1203125 0.2109375
9 0.3921875 0.2984375 0.0875 0.14375
3 0.62734375 0.359375 0.0859375 0.1515625
10 0.29921875 0.2921875 0.0734375 0.1171875
4 0.71484375 0.3828125 0.06875 0.1171875
8 0.18828125 0.33984375 0.1171875 0.2109375
7 0.375 0.3953125 0.078125 0.140625
6 0.796875 0.49765625 0.0953125 0.1421875
10 0.278125 0.3890625 0.08125 0.1171875
4 0.59765625 0.56015625 0.0765625 0.1234375
1 0.353125 0.50859375 0.084375 0.1515625