10 0.753125 0.66171875 0.0578125 0.1140625
4 0.46015625 0.66796875 0.053125 0.1140625
3 0.56328125 0.778125 0.0703125 0.1546875
4 0.2625 0.78828125 0.0625 0.115625
9 0.76953125 0.78125 0.075 0.1578125
6 0.421875 0.08203125 0.053125 0.1234375
10 0.57890625 0.08203125 0.0484375 0.109375
12 0.79609375 0.08515625 0.0625 0.128125
11 0.6484375 0.14375 0.065625 0.175
7 0.8078125 0.1453125 0.06875 0.1390625
1 0.3953125 0.1625 0.053125 0.1484375
10 0.7203125 0.1609375 0.05 0.115625
4 0.5046875 0.17265625 0.0453125 0.1015625
4 0.48125 0.2640625 0.04375 0.10625
2 0.22734375 0.29765625 0.084375 0.2
9 0.64453125 0.32265625 0.0625 0.1359375
3 0.4015625 0.3375 0.0609375 0.14375
10 0.73671875 0.334375 0.0546875 0.1109375
4 0.3109375 0.34375 0.05 0.1109375
8 0.83671875 0.4015625 0.08125 0.2
7 0.6421875 0.42109375 0.053125 0.1328125
6 0.209375 0.440625 0.071875 0.13125
10 0.7390625 0.43359375 0.0625 0.1078125
4 0.39296875 0.53984375 0.0546875 0.115625
1 0.64296875 0.53671875 0.0578125 0.14375