11 0.78359375 0.27890625 0.1078125 0.1765625
2 0.28203125 0.24296875 0.1171875 0.203125
1 0.44609375 0.0640625 0.0828125 0.128125
6 0.3671875 0.053125 0.078125 0.10625
4 0.35546875 0.30625 0.0703125 0.109375
6 0.09765625 0.6984375 0.1078125 0.15
4 0.2 0.725 0.084375 0.1203125
3 0.31875 0.625 0.0953125 0.14375
3 0.43046875 0.32265625 0.08125 0.1421875
5 0.49921875 0.4171875 0.1015625 0.184375
4 0.42265625 0.65546875 0.0796875 0.1203125
4 0.39375 0.52265625 0.0734375 0.11875
4 0.4984375 0.16640625 0.0640625 0.10625
4 0.584375 0.09921875 0.059375 0.1078125
4 0.540625 0.265625 0.0671875 0.109375
4 0.64921875 0.48515625 0.06875 0.1140625
1 0.628125 0.56875 0.0859375 0.146875
8 0.85078125 0.484375 0.1125 0.2046875
12 0.88828125 0.16640625 0.0765625 0.128125
9 0.6828125 0.3671875 0.0875 0.1390625
9 0.82109375 0.62109375 0.096875 0.1453125
7 0.884375 0.23046875 0.0828125 0.1484375
7 0.81171875 0.7390625 0.096875 0.15
10 0.796875 0.22421875 0.0625 0.1
10 0.771875 0.39375 0.071875 0.109375
10 0.71015625 0.72109375 0.08125 0.125
10 0.7484375 0.49296875 0.0734375 0.1140625
10 0.6765625 0.11640625 0.065625 0.1078125
10 0.63828125 0.2703125 0.0671875 0.1125
10 0.553125 0.571875 0.0703125 0.115625