11 0.259375 0.23359375 0.08125 0.16875
2 0.759375 0.284375 0.0859375 0.19375
1 0.62890625 0.07109375 0.0609375 0.140625
6 0.709375 0.0734375 0.059375 0.11875
4 0.67578125 0.334375 0.0546875 0.103125
6 0.86171875 0.76484375 0.0859375 0.1390625
4 0.75625 0.7734375 0.0671875 0.1125
3 0.65703125 0.6546875 0.0734375 0.1359375
3 0.59921875 0.3375 0.059375 0.1359375
5 0.515625 0.41875 0.071875 0.178125
4 0.54921875 0.66640625 0.0609375 0.1140625
4 0.60078125 0.540625 0.0546875 0.1125
4 0.559375 0.17109375 0.0484375 0.1015625
4 0.48671875 0.090625 0.0421875 0.1046875
4 0.50078125 0.2625 0.0515625 0.1046875
4 0.35546875 0.459375 0.0515625 0.109375
1 0.36171875 0.5453125 0.0640625 0.140625
8 0.15703125 0.42421875 0.0796875 0.1984375
12 0.17578125 0.10390625 0.0578125 0.121875
9 0.34296875 0.3375 0.065625 0.13125
9 0.16328125 0.5640625 0.0765625 0.1359375
7 0.16796875 0.16796875 0.0609375 0.1421875
7 0.1515625 0.68125 0.075 0.1421875
10 0.25546875 0.17734375 0.0484375 0.09375
10 0.25078125 0.34765625 0.05625 0.103125
10 0.2546875 0.68125 0.0625 0.1171875
10 0.25625 0.45 0.05625 0.1078125
10 0.3921875 0.09140625 0.0484375 0.103125
10 0.40390625 0.25 0.05 0.1078125
10 0.43515625 0.5609375 0.053125 0.109375