2 0.71015625 0.64609375 0.1265625 0.2203125
6 0.79296875 0.81328125 0.1078125 0.1625
3 0.48125 0.3796875 0.103125 0.1515625
5 0.65546875 0.3203125 0.103125 0.19375
4 0.74765625 0.2703125 0.0765625 0.1265625
4 0.57734375 0.31171875 0.071875 0.11875
4 0.6328125 0.5390625 0.0734375 0.1234375
12 0.6078125 0.74921875 0.1 0.15625
9 0.60546875 0.14296875 0.090625 0.153125
8 0.321875 0.31640625 0.1140625 0.2140625
12 0.33125 0.0265625 0.078125 0.053125
11 0.42734375 0.26015625 0.0921875 0.1859375
10 0.4984375 0.290625 0.0796875 0.128125
10 0.403125 0.03671875 0.071875 0.0734375
10 0.37109375 0.16796875 0.075 0.1203125
10 0.2609375 0.5515625 0.0796875 0.121875