2 0.728125 0.615625 0.1 0.2125
6 0.83359375 0.76953125 0.0890625 0.1546875
3 0.4640625 0.3828125 0.0859375 0.14375
5 0.62890625 0.30078125 0.0796875 0.1890625
4 0.71328125 0.23828125 0.0625 0.121875
4 0.55078125 0.303125 0.0578125 0.1140625
4 0.6375 0.51953125 0.0578125 0.11875
12 0.64140625 0.73125 0.08125 0.1484375
9 0.5546875 0.13203125 0.071875 0.146875
8 0.29765625 0.34296875 0.0875 0.2078125
12 0.2625 0.0390625 0.065625 0.078125
11 0.39453125 0.27265625 0.06875 0.18125
10 0.46875 0.29296875 0.0640625 0.121875
10 0.3375 0.04453125 0.059375 0.0890625
10 0.32578125 0.1890625 0.059375 0.115625
10 0.2703125 0.584375 0.065625 0.115625