2 0.240625 0.2875 0.0875 0.196875
5 0.4828125 0.42421875 0.0734375 0.1765625
1 0.3703125 0.0734375 0.0609375 0.140625
6 0.28828125 0.07265625 0.0578125 0.11875
6 0.13828125 0.765625 0.0859375 0.140625
4 0.24375 0.7703125 0.06875 0.1140625
3 0.353125 0.646875 0.078125 0.1546875
3 0.40390625 0.33359375 0.065625 0.140625
4 0.32421875 0.334375 0.053125 0.103125
4 0.43828125 0.171875 0.05 0.1046875
4 0.4984375 0.26171875 0.05 0.1046875
4 0.38984375 0.5359375 0.0546875 0.1109375
4 0.44921875 0.66484375 0.0578125 0.1125
4 0.64609375 0.45703125 0.053125 0.1015625
1 0.6390625 0.55 0.065625 0.14375
10 0.74453125 0.18046875 0.05 0.10625
11 0.73671875 0.2328125 0.0671875 0.16875
8 0.8421875 0.421875 0.08125 0.19375
9 0.83515625 0.5625 0.0796875 0.1390625
7 0.83359375 0.16953125 0.0734375 0.1359375
7 0.84765625 0.68125 0.071875 0.140625
9 0.6546875 0.33515625 0.0671875 0.1328125
12 0.825 0.103125 0.0703125 0.13125
10 0.609375 0.090625 0.053125 0.1078125
10 0.59609375 0.25390625 0.053125 0.109375
10 0.7484375 0.35078125 0.0546875 0.10625
10 0.7453125 0.4515625 0.0609375 0.10625
10 0.74609375 0.6796875 0.065625 0.115625
10 0.56796875 0.56328125 0.053125 0.109375