2 0.25625 0.2703125 0.1015625 0.2015625
5 0.48828125 0.42265625 0.084375 0.18125
1 0.40078125 0.06796875 0.0703125 0.1359375
6 0.31875 0.06015625 0.065625 0.1203125
6 0.1203125 0.73984375 0.0953125 0.1453125
4 0.22578125 0.75234375 0.075 0.11875
3 0.34296875 0.63671875 0.0875 0.1578125
3 0.415625 0.32734375 0.0734375 0.14375
4 0.3359375 0.32265625 0.0609375 0.10625
4 0.4609375 0.16875 0.0578125 0.1078125
4 0.51484375 0.2625 0.0578125 0.1078125
4 0.38828125 0.528125 0.0609375 0.1125
4 0.4375 0.6609375 0.065625 0.115625
4 0.64921875 0.4671875 0.059375 0.103125
1 0.63515625 0.56015625 0.075 0.146875
10 0.76640625 0.1984375 0.0578125 0.109375
11 0.7546875 0.25 0.078125 0.171875
8 0.846875 0.44609375 0.09375 0.196875
9 0.83046875 0.58515625 0.0890625 0.14375
7 0.85546875 0.19375 0.0828125 0.140625
7 0.834375 0.7046875 0.08125 0.14375
9 0.66640625 0.34609375 0.0765625 0.1375
12 0.85234375 0.1265625 0.078125 0.134375
10 0.6375 0.09921875 0.059375 0.1109375
10 0.6125 0.2609375 0.0609375 0.1125
10 0.75859375 0.36875 0.0609375 0.1078125
10 0.74765625 0.46875 0.0671875 0.109375
10 0.73359375 0.69609375 0.0734375 0.1203125
10 0.56328125 0.56796875 0.0609375 0.1125