9 0.76015625 0.6328125 0.075 0.1625
2 0.22421875 0.3125 0.0890625 0.20625
6 0.41328125 0.08515625 0.0609375 0.1328125
1 0.484375 0.23125 0.0640625 0.1484375
4 0.56953125 0.178125 0.053125 0.1078125
4 0.31015625 0.35390625 0.05 0.1140625
4 0.3953125 0.54296875 0.0578125 0.1234375
4 0.46328125 0.66796875 0.059375 0.11875
9 0.553125 0.6453125 0.0765625 0.1578125
7 0.55703125 0.4265625 0.065625 0.1578125
8 0.82890625 0.290625 0.0828125 0.2109375
12 0.5515625 0.07578125 0.059375 0.1296875
11 0.6421875 0.14296875 0.065625 0.1796875
10 0.715625 0.16015625 0.0546875 0.1109375
10 0.73515625 0.3328125 0.0640625 0.1125
10 0.6453125 0.32578125 0.059375 0.1171875
10 0.6453125 0.553125 0.0609375 0.128125