9 0.2546875 0.659375 0.08125 0.1640625
2 0.7546875 0.28515625 0.0953125 0.2078125
6 0.5421875 0.078125 0.065625 0.134375
1 0.4875 0.23125 0.06875 0.15
4 0.39765625 0.18671875 0.0578125 0.109375
4 0.6734375 0.33515625 0.053125 0.115625
4 0.60859375 0.53125 0.0625 0.125
4 0.55390625 0.66328125 0.0640625 0.1203125
9 0.4625 0.65 0.08125 0.159375
7 0.4359375 0.43359375 0.0703125 0.159375
8 0.15078125 0.3265625 0.090625 0.2125
12 0.4046875 0.08359375 0.0640625 0.13125
11 0.32109375 0.16015625 0.071875 0.18125
10 0.25 0.184375 0.059375 0.1125
10 0.24921875 0.35859375 0.0671875 0.1140625
10 0.33671875 0.3421875 0.0625 0.11875
10 0.3609375 0.56796875 0.065625 0.1296875