6 0.171875 0.75 0.08125 0.140625
2 0.19375 0.5078125 0.1015625 0.2
5 0.39140625 0.29765625 0.0703125 0.1796875
3 0.55625 0.39140625 0.0734375 0.140625
4 0.296875 0.415625 0.05625 0.109375
4 0.309375 0.2359375 0.0515625 0.1078125
4 0.3796875 0.5109375 0.0578125 0.11875
4 0.47265625 0.30703125 0.0484375 0.1125
4 0.6125 0.05625 0.05 0.1125
11 0.62578125 0.284375 0.06875 0.1765625
8 0.72421875 0.3578125 0.0859375 0.2015625
9 0.6421875 0.48359375 0.0640625 0.153125
7 0.56484375 0.59921875 0.0703125 0.153125
9 0.47265625 0.13359375 0.0625 0.1453125
12 0.36875 0.728125 0.08125 0.1515625
12 0.76875 0.04765625 0.0625 0.0953125
10 0.55546875 0.3015625 0.0546875 0.10625
10 0.69296875 0.0484375 0.0546875 0.096875
10 0.6984375 0.2046875 0.05625 0.10625
10 0.7421875 0.6 0.065625 0.11875