6 0.85234375 0.71484375 0.08125 0.140625
2 0.80546875 0.475 0.1015625 0.2
5 0.58671875 0.2875 0.0703125 0.1796875
3 0.4328125 0.39765625 0.0734375 0.140625
4 0.69296875 0.3953125 0.05625 0.109375
4 0.66171875 0.21796875 0.0515625 0.1078125
4 0.62109375 0.4984375 0.0578125 0.11875
4 0.50703125 0.30546875 0.0484375 0.1125
4 0.340625 0.0703125 0.05 0.1140625
11 0.35234375 0.29921875 0.06875 0.1765625
8 0.2625 0.38203125 0.0859375 0.2015625
9 0.35703125 0.49921875 0.0640625 0.153125
7 0.44609375 0.60546875 0.0703125 0.153125
9 0.48828125 0.1328125 0.0625 0.1453125
12 0.6546875 0.71328125 0.08125 0.1515625
12 0.18515625 0.0703125 0.0625 0.1125
10 0.42421875 0.30859375 0.0546875 0.10625
10 0.2609375 0.0703125 0.0546875 0.1
10 0.271875 0.22734375 0.05625 0.10625
10 0.26953125 0.625 0.065625 0.11875