11 0.678125 0.16015625 0.0859375 0.184375
7 0.8390625 0.171875 0.0734375 0.1421875
12 0.83046875 0.11171875 0.0734375 0.13125
8 0.846875 0.328125 0.0921875 0.2109375
9 0.74296875 0.809375 0.096875 0.171875
10 0.74765625 0.18203125 0.06875 0.1234375
10 0.75078125 0.3546875 0.0640625 0.115625
10 0.74375 0.45546875 0.0671875 0.121875
10 0.6375 0.57265625 0.06875 0.11875
2 0.2453125 0.27890625 0.0984375 0.2046875
1 0.42578125 0.1546875 0.0703125 0.1453125
3 0.74609375 0.65546875 0.0875 0.16875
3 0.65390625 0.446875 0.078125 0.16875
6 0.45859375 0.07578125 0.065625 0.13125
6 0.49921875 0.3421875 0.0734375 0.1390625
4 0.60625 0.1921875 0.059375 0.11875
4 0.32734375 0.32890625 0.05625 0.11875
4 0.4421875 0.6609375 0.0671875 0.128125
4 0.39296875 0.53203125 0.065625 0.1296875