11 0.596875 0.12890625 0.1 0.1890625
7 0.75703125 0.10390625 0.084375 0.146875
12 0.73359375 0.05703125 0.0828125 0.1140625
8 0.8 0.2546875 0.1078125 0.215625
9 0.80625 0.746875 0.1109375 0.178125
10 0.6703125 0.134375 0.078125 0.1265625
10 0.71171875 0.30234375 0.0734375 0.1203125
10 0.72734375 0.4015625 0.0765625 0.1265625
10 0.65 0.53984375 0.078125 0.121875
2 0.20234375 0.34140625 0.115625 0.209375
1 0.35 0.18046875 0.08125 0.1484375
3 0.775 0.596875 0.1015625 0.1734375
3 0.63828125 0.41328125 0.0921875 0.1734375
6 0.3640625 0.09609375 0.0765625 0.134375
6 0.4640625 0.346875 0.084375 0.14375
4 0.534375 0.17578125 0.06875 0.121875
4 0.29296875 0.371875 0.065625 0.121875
4 0.48046875 0.6703125 0.078125 0.1328125
4 0.40234375 0.5546875 0.0765625 0.1328125