9 0.77265625 0.7796875 0.0953125 0.1625
7 0.55859375 0.4265625 0.071875 0.1609375
11 0.63984375 0.14296875 0.06875 0.1859375
8 0.828125 0.28984375 0.0875 0.225
12 0.790625 0.07890625 0.065625 0.1328125
10 0.7140625 0.1640625 0.05625 0.1125
10 0.73984375 0.32890625 0.0609375 0.1109375
10 0.73828125 0.42734375 0.0640625 0.1140625
10 0.64765625 0.55078125 0.06875 0.125
2 0.22578125 0.30625 0.0953125 0.2171875
6 0.4140625 0.090625 0.0578125 0.128125
6 0.64375 0.3375 0.0671875 0.1390625
3 0.65078125 0.43125 0.0734375 0.1515625
3 0.759375 0.63203125 0.071875 0.1640625
1 0.48203125 0.2375 0.065625 0.1578125
4 0.5734375 0.17734375 0.0546875 0.1109375
4 0.31015625 0.34765625 0.0546875 0.1078125
4 0.39375 0.5421875 0.0609375 0.125
4 0.46171875 0.66875 0.0625 0.1203125