9 0.78203125 0.7703125 0.1 0.165625
7 0.55546875 0.425 0.0765625 0.1625
11 0.62734375 0.13828125 0.075 0.1875
8 0.8203125 0.27890625 0.0953125 0.228125
12 0.77578125 0.06875 0.0703125 0.1359375
10 0.70234375 0.15703125 0.0609375 0.1140625
10 0.73359375 0.32109375 0.0640625 0.1125
10 0.7359375 0.41953125 0.06875 0.115625
10 0.65 0.54609375 0.0734375 0.1265625
2 0.21953125 0.315625 0.103125 0.2203125
6 0.39921875 0.09375 0.0625 0.1296875
6 0.63828125 0.3328125 0.071875 0.140625
3 0.6484375 0.4265625 0.078125 0.1546875
3 0.7640625 0.62265625 0.078125 0.165625
1 0.4734375 0.23828125 0.0703125 0.159375
4 0.56171875 0.175 0.059375 0.1125
4 0.3046875 0.3546875 0.059375 0.109375
4 0.3953125 0.54609375 0.065625 0.1265625
4 0.4671875 0.66953125 0.0671875 0.121875