5 0.81171875 0.34375 0.0984375 0.171875
2 0.80625 0.41640625 0.10625 0.1984375
1 0.80390625 0.259375 0.071875 0.1359375
1 0.8015625 0.5453125 0.078125 0.1359375
3 0.80078125 0.1796875 0.0734375 0.1265625
3 0.8046875 0.66328125 0.090625 0.1328125
6 0.80703125 0.11015625 0.0640625 0.109375
6 0.8 0.78359375 0.0875 0.13125
4 0.69921875 0.7703125 0.065625 0.109375
4 0.703125 0.6484375 0.065625 0.1046875
4 0.7078125 0.54296875 0.0640625 0.103125
4 0.71171875 0.43671875 0.059375 0.1015625
4 0.7140625 0.3390625 0.0578125 0.1015625
4 0.71484375 0.2578125 0.059375 0.1
4 0.71953125 0.1765625 0.0546875 0.096875
4 0.72734375 0.09140625 0.053125 0.103125
11 0.228125 0.23203125 0.0890625 0.175
8 0.19921875 0.315625 0.096875 0.2015625
7 0.2421875 0.159375 0.0703125 0.134375
7 0.16484375 0.43671875 0.0796875 0.1453125
9 0.2609375 0.08671875 0.075 0.1296875
9 0.1421875 0.5671875 0.0859375 0.140625
12 0.28125 0.034375 0.065625 0.06875
12 0.10625 0.6890625 0.0921875 0.1453125
10 0.35390625 0.03828125 0.0578125 0.0765625
10 0.34140625 0.109375 0.059375 0.096875
10 0.32734375 0.19375 0.0578125 0.103125
10 0.30859375 0.275 0.0640625 0.1046875
10 0.290625 0.375 0.06875 0.1078125
10 0.265625 0.475 0.06875 0.10625
10 0.24921875 0.575 0.0671875 0.1125
10 0.22109375 0.69296875 0.06875 0.11875