5 0.20625 0.31171875 0.08125 0.165625
2 0.2046875 0.38515625 0.0875 0.1921875
1 0.22265625 0.22890625 0.059375 0.13125
1 0.1953125 0.51328125 0.065625 0.13125
3 0.234375 0.15 0.0609375 0.121875
3 0.1796875 0.63046875 0.0796875 0.1265625
6 0.23515625 0.08046875 0.0546875 0.1046875
6 0.171875 0.75 0.0765625 0.1265625
4 0.2734375 0.7484375 0.05625 0.1046875
4 0.28203125 0.6265625 0.05625 0.1
4 0.2890625 0.52109375 0.0546875 0.0984375
4 0.29609375 0.415625 0.05 0.096875
4 0.30390625 0.31796875 0.0484375 0.096875
4 0.31171875 0.23671875 0.05 0.096875
4 0.315625 0.15546875 0.046875 0.09375
4 0.31640625 0.0703125 0.04375 0.1
11 0.7984375 0.2625 0.071875 0.16875
8 0.81796875 0.34765625 0.0765625 0.196875
7 0.7921875 0.18828125 0.05625 0.13125
7 0.83984375 0.471875 0.0671875 0.140625
9 0.78125 0.1140625 0.0625 0.125
9 0.84921875 0.6046875 0.0734375 0.1359375
12 0.76796875 0.04609375 0.0546875 0.0921875
12 0.871875 0.72890625 0.078125 0.1390625
10 0.69453125 0.04765625 0.0484375 0.090625
10 0.6984375 0.128125 0.05 0.0921875
10 0.70390625 0.21328125 0.0484375 0.0984375
10 0.7140625 0.29609375 0.0546875 0.1
10 0.721875 0.39765625 0.059375 0.103125
10 0.73515625 0.49921875 0.059375 0.1015625
10 0.74140625 0.60078125 0.0578125 0.109375
10 0.75703125 0.72109375 0.0578125 0.1140625