11 0.625 0.134375 0.084375 0.1859375
12 0.7640625 0.06640625 0.075 0.1328125
7 0.7796875 0.12421875 0.075 0.1515625
8 0.815625 0.278125 0.0921875 0.2109375
9 0.78515625 0.7640625 0.096875 0.16875
10 0.69765625 0.14453125 0.0640625 0.1140625
10 0.72734375 0.3171875 0.0625 0.1109375
10 0.734375 0.41484375 0.071875 0.115625
10 0.64609375 0.55 0.0703125 0.1203125
2 0.2125 0.32421875 0.103125 0.2078125
6 0.39140625 0.08828125 0.071875 0.1359375
1 0.47109375 0.23125 0.075 0.159375
6 0.4765625 0.34609375 0.0734375 0.13125
3 0.64296875 0.41796875 0.0875 0.165625
3 0.76953125 0.61640625 0.084375 0.1609375
4 0.55390625 0.17109375 0.059375 0.1140625
4 0.47265625 0.66875 0.0671875 0.11875
4 0.30234375 0.3578125 0.0625 0.115625
4 0.39375 0.55 0.0640625 0.1171875