11 0.29609375 0.171875 0.09375 0.1875
12 0.14453125 0.1375 0.08125 0.1375
7 0.14296875 0.196875 0.0828125 0.153125
8 0.14296875 0.3546875 0.1015625 0.2140625
9 0.28203125 0.821875 0.1046875 0.171875
10 0.22734375 0.1984375 0.06875 0.1171875
10 0.2375 0.37265625 0.0671875 0.1125
10 0.253125 0.4703125 0.0765625 0.11875
10 0.36875 0.58125 0.075 0.121875
2 0.740625 0.2640625 0.1125 0.2109375
6 0.51328125 0.07421875 0.078125 0.1375
1 0.46796875 0.23125 0.0828125 0.1609375
6 0.48828125 0.34453125 0.0796875 0.1328125
3 0.3421875 0.4515625 0.0953125 0.16875
3 0.26328125 0.67421875 0.0921875 0.1640625
4 0.37421875 0.1921875 0.0640625 0.1171875
4 0.56484375 0.6578125 0.0734375 0.121875
4 0.66015625 0.3171875 0.06875 0.11875
4 0.61484375 0.525 0.06875 0.1203125