2 0.7125 0.2421875 0.115625 0.2
5 0.75859375 0.33671875 0.1125 0.18125
3 0.815625 0.4625 0.0984375 0.1375
3 0.696875 0.1890625 0.090625 0.13125
1 0.8515625 0.571875 0.096875 0.1515625
1 0.65078125 0.10703125 0.08125 0.146875
6 0.61796875 0.0515625 0.0796875 0.103125
6 0.90703125 0.6921875 0.1078125 0.1484375
4 0.80546875 0.71875 0.08125 0.11875
4 0.75234375 0.58671875 0.078125 0.11875
4 0.7046875 0.4953125 0.075 0.1125
4 0.6734375 0.384375 0.071875 0.109375
4 0.63515625 0.30546875 0.0796875 0.1125
4 0.61484375 0.2328125 0.071875 0.1109375
4 0.571875 0.1515625 0.06875 0.10625
4 0.54921875 0.06484375 0.0640625 0.1078125
11 0.1453125 0.41015625 0.109375 0.1859375
8 0.1484375 0.4921875 0.1203125 0.20625
9 0.11796875 0.33359375 0.0875 0.1328125
9 0.17890625 0.625 0.109375 0.1515625
7 0.109375 0.23359375 0.0921875 0.1515625
7 0.18984375 0.74453125 0.1 0.1546875
12 0.10546875 0.178125 0.0828125 0.1265625
12 0.21875 0.8875 0.1078125 0.153125
10 0.17421875 0.16015625 0.071875 0.1078125
10 0.2 0.234375 0.071875 0.1140625
10 0.2078125 0.32109375 0.075 0.1125
10 0.22734375 0.403125 0.0765625 0.1125
10 0.25234375 0.49765625 0.08125 0.1203125
10 0.3203125 0.85703125 0.0859375 0.1203125
10 0.29140625 0.721875 0.0859375 0.1265625
10 0.44765625 0.57265625 0.0796875 0.1234375