2 0.771875 0.30625 0.0765625 0.1890625
5 0.7921875 0.409375 0.0765625 0.16875
3 0.81484375 0.5453125 0.071875 0.1265625
3 0.77109375 0.25078125 0.065625 0.1203125
1 0.8203125 0.66015625 0.06875 0.140625
1 0.74765625 0.159375 0.053125 0.1390625
6 0.73359375 0.0875 0.05625 0.115625
6 0.84375 0.79140625 0.0796875 0.134375
4 0.7390625 0.78984375 0.059375 0.109375
4 0.72109375 0.64921875 0.0546875 0.109375
4 0.69921875 0.5484375 0.053125 0.103125
4 0.69765625 0.4328125 0.05 0.1015625
4 0.68046875 0.346875 0.0578125 0.103125
4 0.6796875 0.271875 0.05 0.103125
4 0.659375 0.18203125 0.0484375 0.1
4 0.66015625 0.09296875 0.04375 0.1015625
11 0.18046875 0.321875 0.071875 0.175
8 0.1625 0.40078125 0.078125 0.1953125
9 0.17421875 0.240625 0.0625 0.1234375
9 0.15703125 0.5375 0.08125 0.1375
7 0.19140625 0.14140625 0.0625 0.14375
7 0.13671875 0.65625 0.0703125 0.14375
12 0.20234375 0.08671875 0.0578125 0.11875
12 0.128125 0.8015625 0.0796875 0.1390625
10 0.2734375 0.0875 0.0515625 0.1
10 0.27890625 0.165625 0.05 0.10625
10 0.26484375 0.2515625 0.053125 0.1046875
10 0.26171875 0.3359375 0.0546875 0.103125
10 0.2609375 0.43359375 0.0578125 0.1109375
10 0.23359375 0.7984375 0.0625 0.1109375
10 0.240625 0.66015625 0.0609375 0.1171875
10 0.43046875 0.55625 0.0546875 0.1140625