6 0.8578125 0.76875 0.0828125 0.1390625
2 0.76171875 0.28984375 0.0828125 0.20625
6 0.71796875 0.078125 0.059375 0.1234375
5 0.51640625 0.42265625 0.065625 0.178125
3 0.6421875 0.6515625 0.06875 0.1515625
3 0.590625 0.33203125 0.0609375 0.140625
4 0.75234375 0.77421875 0.0609375 0.1203125
4 0.6078125 0.534375 0.0546875 0.10625
4 0.54765625 0.6640625 0.05625 0.1125
4 0.67890625 0.33984375 0.053125 0.1078125
4 0.50546875 0.26484375 0.05625 0.109375
4 0.5640625 0.171875 0.0546875 0.1078125
1 0.63671875 0.075 0.0578125 0.1390625
1 0.359375 0.54765625 0.0625 0.146875
7 0.17265625 0.16171875 0.065625 0.1421875
12 0.1828125 0.1015625 0.05625 0.1203125
8 0.15859375 0.41640625 0.08125 0.2
11 0.33125 0.15234375 0.06875 0.18125
9 0.34453125 0.33671875 0.0640625 0.1359375
9 0.16328125 0.55703125 0.078125 0.1375
7 0.14921875 0.6734375 0.075 0.146875
10 0.25625 0.678125 0.059375 0.115625
10 0.25703125 0.4484375 0.065625 0.1109375
10 0.25234375 0.34765625 0.053125 0.1125
10 0.26171875 0.1796875 0.05625 0.1109375
10 0.3984375 0.0890625 0.053125 0.1078125
10 0.4109375 0.24921875 0.0546875 0.10625