6 0.1328125 0.75625 0.0859375 0.1421875
2 0.24609375 0.28125 0.0890625 0.209375
6 0.296875 0.07109375 0.0625 0.125
5 0.48671875 0.42265625 0.071875 0.1796875
3 0.35234375 0.64609375 0.0734375 0.153125
3 0.415625 0.32890625 0.065625 0.1421875
4 0.23828125 0.76484375 0.065625 0.121875
4 0.39140625 0.53046875 0.059375 0.1078125
4 0.44609375 0.6625 0.0609375 0.1140625
4 0.3265625 0.33359375 0.0578125 0.109375
4 0.50234375 0.2640625 0.059375 0.1109375
4 0.446875 0.16953125 0.059375 0.109375
1 0.378125 0.0703125 0.0625 0.140625
1 0.6390625 0.553125 0.0671875 0.1484375
7 0.8390625 0.1734375 0.0703125 0.14375
12 0.83125 0.1125 0.059375 0.121875
8 0.84375 0.42890625 0.0890625 0.2015625
11 0.68046875 0.15859375 0.075 0.1828125
9 0.66171875 0.3421875 0.06875 0.1375
9 0.834375 0.56875 0.0828125 0.1390625
7 0.84453125 0.68515625 0.0796875 0.1484375
10 0.7375 0.68671875 0.0625 0.1171875
10 0.7453125 0.45703125 0.0703125 0.1125
10 0.753125 0.35625 0.0578125 0.1140625
10 0.75 0.18828125 0.059375 0.1125
10 0.61640625 0.09296875 0.05625 0.109375
10 0.59765625 0.25234375 0.0578125 0.1078125