12 0.42578125 0.80390625 0.103125 0.153125
6 0.23359375 0.8546875 0.1046875 0.15
2 0.315625 0.6875 0.1296875 0.221875
5 0.3671875 0.3546875 0.1109375 0.1875
4 0.26953125 0.30546875 0.071875 0.1140625
4 0.39609375 0.5765625 0.08125 0.125
4 0.44921875 0.3453125 0.071875 0.1109375
6 0.7375 0.484375 0.0953125 0.153125
8 0.6203125 0.3765625 0.1203125 0.20625
12 0.75625 0.18203125 0.0953125 0.1390625
10 0.5296875 0.3265625 0.075 0.1171875
10 0.56328125 0.15859375 0.0734375 0.1171875
10 0.62421875 0.05 0.0734375 0.1
10 0.77890625 0.60625 0.084375 0.1203125