12 0.678125 0.7578125 0.0875 0.1484375
6 0.87578125 0.7359375 0.090625 0.14375
2 0.7390625 0.609375 0.10625 0.2171875
5 0.571875 0.31640625 0.090625 0.184375
4 0.6453125 0.2359375 0.059375 0.1109375
4 0.625 0.534375 0.06875 0.1203125
4 0.4921875 0.3375 0.0609375 0.1078125
6 0.27265625 0.5703125 0.0796875 0.1484375
8 0.34296875 0.428125 0.0984375 0.2015625
12 0.146875 0.29453125 0.0828125 0.134375
10 0.41015625 0.34921875 0.0625 0.1140625
10 0.31875 0.20390625 0.0609375 0.1140625
10 0.2203125 0.11953125 0.0609375 0.109375
10 0.27734375 0.69921875 0.0734375 0.115625