6 0.34765625 0.08671875 0.071875 0.1296875
6 0.20078125 0.78515625 0.0953125 0.1484375
2 0.19375 0.4171875 0.109375 0.2078125
5 0.371875 0.309375 0.0953125 0.18125
4 0.28203125 0.17421875 0.059375 0.1078125
4 0.28359375 0.2578125 0.0625 0.1125
4 0.28828125 0.43203125 0.0703125 0.11875
4 0.38125 0.52421875 0.065625 0.1140625
4 0.453125 0.30703125 0.0703125 0.1140625
4 0.41484375 0.07265625 0.0609375 0.10625
3 0.35390625 0.153125 0.06875 0.1390625
3 0.5453125 0.3859375 0.090625 0.1484375
11 0.60625 0.27578125 0.096875 0.1796875
12 0.7203125 0.0375 0.075 0.075
12 0.78046875 0.703125 0.090625 0.1453125
8 0.80703125 0.3125 0.109375 0.20625
7 0.8390625 0.4328125 0.0953125 0.1484375
9 0.584375 0.178125 0.08125 0.14375
9 0.8484375 0.55234375 0.1 0.1546875
10 0.53203125 0.29140625 0.065625 0.1125
10 0.64453125 0.040625 0.0609375 0.08125
10 0.66796875 0.18515625 0.065625 0.115625
10 0.75234375 0.57578125 0.078125 0.128125
10 0.59140625 0.72265625 0.078125 0.1265625