6 0.4140625 0.06796875 0.053125 0.121875
6 0.16015625 0.73515625 0.075 0.1375
2 0.21015625 0.3703125 0.078125 0.1984375
5 0.403125 0.29140625 0.06875 0.171875
4 0.3359375 0.14453125 0.04375 0.1015625
4 0.32421875 0.22734375 0.046875 0.10625
4 0.3015625 0.4 0.053125 0.1125
4 0.37890625 0.50546875 0.05 0.1078125
4 0.48359375 0.30234375 0.053125 0.10625
4 0.4828125 0.06484375 0.046875 0.1
3 0.41015625 0.134375 0.05 0.134375
3 0.5625 0.39453125 0.06875 0.1390625
11 0.63984375 0.2953125 0.071875 0.1703125
12 0.79296875 0.05625 0.059375 0.1125
12 0.7453125 0.74453125 0.0703125 0.1375
8 0.8328125 0.3625 0.078125 0.196875
7 0.8453125 0.48671875 0.075 0.1375
9 0.63359375 0.1953125 0.059375 0.1359375
9 0.8359375 0.60625 0.078125 0.14375
10 0.5640625 0.29921875 0.05 0.10625
10 0.71640625 0.05625 0.0453125 0.103125
10 0.71484375 0.215625 0.0484375 0.109375
10 0.7375 0.6140625 0.059375 0.121875
10 0.55546875 0.734375 0.0609375 0.11875