5 0.62265625 0.3125 0.096875 0.1796875
2 0.80234375 0.41171875 0.1140625 0.2109375
6 0.80390625 0.76953125 0.096875 0.1625
6 0.64453125 0.07734375 0.06875 0.1171875
3 0.63984375 0.15078125 0.08125 0.1375
3 0.4578125 0.38515625 0.0859375 0.15
4 0.7140625 0.17265625 0.059375 0.10625
4 0.7125 0.25703125 0.0609375 0.1109375
4 0.7109375 0.43046875 0.065625 0.125
4 0.6234375 0.5203125 0.071875 0.1171875
4 0.54296875 0.30546875 0.065625 0.1109375
4 0.5796875 0.0734375 0.0640625 0.1125
11 0.39140625 0.278125 0.096875 0.178125
7 0.2765625 0.34765625 0.0859375 0.1578125
12 0.409375 0.175 0.078125 0.1453125
12 0.15390625 0.55390625 0.096875 0.1625
8 0.18984375 0.32265625 0.1078125 0.2140625
12 0.26796875 0.03828125 0.0796875 0.0765625
12 0.21953125 0.70390625 0.0953125 0.1515625
10 0.3453125 0.0421875 0.0625 0.084375
10 0.24921875 0.58046875 0.0734375 0.1234375
10 0.3296875 0.1921875 0.071875 0.1203125
10 0.46328125 0.29453125 0.065625 0.1125
10 0.4140625 0.7265625 0.0734375 0.1296875