5 0.59921875 0.29921875 0.0765625 0.171875
2 0.7890625 0.375 0.090625 0.2015625
6 0.834375 0.73125 0.0796875 0.1546875
6 0.5921875 0.06328125 0.0546875 0.1125
3 0.59609375 0.1359375 0.065625 0.13125
3 0.44375 0.39140625 0.0703125 0.1421875
4 0.67265625 0.14921875 0.0484375 0.103125
4 0.68125 0.2328125 0.0484375 0.1078125
4 0.70078125 0.4046875 0.0515625 0.1203125
4 0.625 0.50546875 0.0578125 0.1125
4 0.51875 0.3015625 0.053125 0.10625
4 0.52734375 0.0671875 0.0515625 0.1078125
11 0.365625 0.29296875 0.0765625 0.171875
7 0.26015625 0.3765625 0.06875 0.1515625
12 0.3703125 0.18828125 0.0625 0.1390625
12 0.16328125 0.5953125 0.0796875 0.1546875
8 0.1703125 0.36171875 0.084375 0.20625
12 0.21171875 0.05234375 0.0671875 0.1046875
12 0.246875 0.7359375 0.0796875 0.14375
10 0.28984375 0.053125 0.0515625 0.103125
10 0.2609375 0.6109375 0.059375 0.1171875
10 0.29296875 0.21484375 0.0578125 0.1140625
10 0.43828125 0.30078125 0.053125 0.1078125
10 0.4421875 0.7359375 0.059375 0.1234375