5 0.428125 0.28046875 0.090625 0.184375
2 0.19921875 0.4453125 0.1078125 0.215625
6 0.1375 0.68828125 0.0984375 0.15625
4 0.3171875 0.38203125 0.0625 0.1171875
4 0.359375 0.2078125 0.0640625 0.1046875
4 0.38203125 0.12734375 0.059375 0.1046875
4 0.5328125 0.06796875 0.05625 0.103125
4 0.50859375 0.3015625 0.0640625 0.11875
4 0.37734375 0.4890625 0.0734375 0.125
3 0.571875 0.4015625 0.0796875 0.14375
12 0.8453125 0.09453125 0.0734375 0.1171875
12 0.71328125 0.77265625 0.0828125 0.1453125
8 0.746875 0.39921875 0.0984375 0.20625
9 0.5359375 0.1390625 0.0703125 0.1484375
9 0.81875 0.64296875 0.09375 0.1515625
7 0.5453125 0.609375 0.0765625 0.1453125
11 0.6609375 0.309375 0.084375 0.184375
10 0.58828125 0.31171875 0.0625 0.109375
10 0.76796875 0.08671875 0.065625 0.1125
10 0.746875 0.2453125 0.0625 0.1109375
10 0.7234375 0.64453125 0.0734375 0.121875
10 0.5234375 0.74296875 0.0765625 0.121875