5 0.58359375 0.284375 0.0828125 0.18125
2 0.803125 0.4609375 0.0984375 0.2109375
6 0.85234375 0.70703125 0.090625 0.1515625
4 0.6890625 0.3921875 0.0578125 0.115625
4 0.65546875 0.215625 0.059375 0.103125
4 0.6375 0.134375 0.0546875 0.103125
4 0.48984375 0.0671875 0.0515625 0.1015625
4 0.5015625 0.3015625 0.059375 0.1171875
4 0.6234375 0.4953125 0.0671875 0.121875
3 0.43359375 0.3984375 0.0734375 0.1421875
12 0.1765625 0.07734375 0.06875 0.115625
12 0.2734375 0.7609375 0.0765625 0.1421875
8 0.25859375 0.3859375 0.0890625 0.203125
9 0.48359375 0.1375 0.0640625 0.146875
9 0.17421875 0.62578125 0.0859375 0.1484375
7 0.4484375 0.60703125 0.0703125 0.1421875
11 0.34921875 0.3015625 0.075 0.1828125
10 0.421875 0.30703125 0.0578125 0.1078125
10 0.25390625 0.0734375 0.0609375 0.109375
10 0.26640625 0.2328125 0.0578125 0.109375
10 0.26953125 0.6328125 0.0671875 0.11875
10 0.46328125 0.74140625 0.0703125 0.1203125