5 0.20078125 0.32265625 0.08125 0.1578125
2 0.1984375 0.39453125 0.0921875 0.1921875
1 0.21171875 0.2390625 0.0640625 0.128125
1 0.196875 0.52265625 0.071875 0.1359375
3 0.221875 0.159375 0.0671875 0.11875
3 0.18359375 0.63671875 0.084375 0.128125
6 0.22109375 0.0890625 0.0578125 0.1046875
6 0.17890625 0.765625 0.0828125 0.1328125
4 0.30390625 0.0796875 0.05 0.096875
4 0.3046875 0.15859375 0.0484375 0.1
4 0.3 0.2421875 0.05 0.1
4 0.296875 0.32578125 0.0515625 0.1015625
4 0.29375 0.421875 0.0578125 0.0984375
4 0.28984375 0.52578125 0.0546875 0.109375
4 0.28515625 0.63515625 0.059375 0.10625
4 0.2828125 0.75703125 0.0625 0.10625
11 0.79140625 0.25078125 0.078125 0.175
8 0.81328125 0.3359375 0.084375 0.19375
7 0.8375 0.46015625 0.06875 0.140625
7 0.78125 0.17890625 0.0625 0.134375
9 0.76640625 0.10234375 0.0640625 0.121875
9 0.85390625 0.5921875 0.0796875 0.1359375
10 0.76640625 0.71796875 0.065625 0.109375
10 0.7484375 0.5953125 0.071875 0.1078125
10 0.73671875 0.49453125 0.0609375 0.103125
10 0.71484375 0.39296875 0.059375 0.10625
10 0.70546875 0.2921875 0.0609375 0.103125
10 0.6890625 0.2078125 0.0515625 0.0984375
10 0.68203125 0.121875 0.053125 0.0921875
10 0.675 0.046875 0.053125 0.09375
12 0.75 0.04140625 0.05625 0.0828125
12 0.878125 0.7125 0.0796875 0.1453125