5 0.8140625 0.34921875 0.09375 0.1625
2 0.81015625 0.42109375 0.1078125 0.196875
1 0.809375 0.26484375 0.075 0.13125
1 0.8 0.54921875 0.0828125 0.1390625
3 0.80703125 0.18515625 0.0765625 0.121875
3 0.803125 0.6640625 0.09375 0.134375
6 0.8140625 0.11484375 0.065625 0.1078125
6 0.796875 0.79296875 0.0921875 0.1375
4 0.73203125 0.0984375 0.0578125 0.1
4 0.72421875 0.17734375 0.05625 0.1015625
4 0.721875 0.2609375 0.0578125 0.1015625
4 0.71796875 0.34375 0.059375 0.1046875
4 0.71171875 0.43984375 0.065625 0.1015625
4 0.70703125 0.54375 0.0640625 0.1125
4 0.70234375 0.653125 0.0671875 0.109375
4 0.69453125 0.775 0.0703125 0.109375
11 0.23203125 0.2265625 0.0921875 0.178125
8 0.20234375 0.309375 0.1 0.1984375
7 0.1671875 0.43125 0.0796875 0.14375
7 0.2484375 0.15546875 0.0734375 0.1375
9 0.26953125 0.08125 0.0734375 0.125
9 0.1390625 0.5609375 0.090625 0.140625
10 0.215625 0.69453125 0.075 0.1125
10 0.24453125 0.5734375 0.0796875 0.1125
10 0.26484375 0.4734375 0.06875 0.10625
10 0.2953125 0.37421875 0.0671875 0.109375
10 0.31328125 0.275 0.06875 0.10625
10 0.33671875 0.19296875 0.059375 0.1
10 0.3515625 0.10703125 0.059375 0.0953125
10 0.36484375 0.040625 0.0609375 0.08125
12 0.290625 0.03203125 0.065625 0.0640625
12 0.10546875 0.67890625 0.090625 0.15