2 0.74140625 0.59453125 0.0875 0.1984375
6 0.859375 0.73359375 0.071875 0.140625
12 0.659375 0.71875 0.06875 0.140625
9 0.5234375 0.12890625 0.053125 0.1390625
5 0.61328125 0.28828125 0.071875 0.178125
4 0.6921875 0.2234375 0.046875 0.103125
4 0.71640625 0.4015625 0.05625 0.10625
4 0.640625 0.5015625 0.053125 0.109375
4 0.5328125 0.29765625 0.05 0.109375
3 0.4578125 0.390625 0.065625 0.1359375
10 0.4515625 0.29609375 0.0515625 0.1015625
11 0.3765625 0.2875 0.0734375 0.1734375
8 0.2828125 0.359375 0.075 0.1953125
12 0.22421875 0.0546875 0.0625 0.1
10 0.2984375 0.05 0.0484375 0.0953125
10 0.3015625 0.20703125 0.053125 0.10625
10 0.2765625 0.60703125 0.0609375 0.1140625