2 0.25546875 0.5859375 0.0953125 0.2015625
6 0.1328125 0.72109375 0.0765625 0.14375
12 0.3328125 0.71328125 0.0734375 0.1421875
9 0.48984375 0.12890625 0.0578125 0.140625
5 0.39375 0.28515625 0.078125 0.18125
4 0.31796875 0.21640625 0.05 0.1046875
4 0.2875 0.39453125 0.059375 0.1078125
4 0.359375 0.496875 0.0578125 0.1109375
4 0.47421875 0.296875 0.0546875 0.1109375
3 0.54609375 0.3921875 0.06875 0.1375
10 0.55546875 0.29765625 0.0546875 0.103125
11 0.63046875 0.29140625 0.0796875 0.175
8 0.721875 0.3671875 0.08125 0.1984375
12 0.79140625 0.06484375 0.065625 0.1015625
10 0.7171875 0.0578125 0.0515625 0.0953125
10 0.7078125 0.2140625 0.05625 0.1078125
10 0.71953125 0.61484375 0.0640625 0.115625