6 0.38984375 0.7859375 0.0890625 0.146875
6 0.1890625 0.8203125 0.09375 0.15
2 0.29765625 0.6640625 0.1140625 0.2140625
5 0.3859375 0.33671875 0.0828125 0.18125
4 0.29375 0.278125 0.0625 0.1203125
4 0.38359375 0.56484375 0.0703125 0.125
4 0.47109375 0.33984375 0.0609375 0.1125
3 0.7359375 0.5125 0.0890625 0.1515625
8 0.72734375 0.3828125 0.0953125 0.2078125
10 0.76328125 0.6390625 0.071875 0.1171875
12 0.79140625 0.21328125 0.078125 0.125
10 0.678125 0.0625 0.0625 0.1078125
10 0.60625 0.16328125 0.0640625 0.1125
10 0.55 0.3359375 0.0625 0.115625