6 0.39453125 0.7875 0.0921875 0.146875
6 0.19453125 0.825 0.0953125 0.15
2 0.3 0.66796875 0.1171875 0.215625
5 0.38359375 0.3390625 0.0859375 0.1828125
4 0.290625 0.28203125 0.0640625 0.1203125
4 0.384375 0.56640625 0.071875 0.1265625
4 0.46796875 0.340625 0.0625 0.1140625
3 0.7359375 0.50859375 0.090625 0.153125
8 0.725 0.37890625 0.0984375 0.2078125
10 0.765625 0.634375 0.0734375 0.11875
12 0.78671875 0.2078125 0.08125 0.1265625
10 0.67109375 0.059375 0.0640625 0.109375
10 0.6 0.16171875 0.065625 0.1125
10 0.546875 0.33515625 0.065625 0.115625