3 0.44921875 0.3921875 0.0703125 0.1390625
4 0.5421875 0.0671875 0.0515625 0.1078125
6 0.828125 0.753125 0.090625 0.1453125
2 0.8046875 0.50234375 0.0984375 0.2046875
5 0.61015625 0.29765625 0.0734375 0.184375
4 0.70234375 0.41640625 0.05625 0.109375
4 0.690625 0.23984375 0.05 0.10625
4 0.5265625 0.30625 0.0546875 0.1046875
4 0.62265625 0.51171875 0.0578125 0.1109375
12 0.62890625 0.725 0.08125 0.1453125
12 0.2328125 0.0515625 0.065625 0.103125
11 0.3734375 0.2875 0.06875 0.178125
8 0.27734375 0.36171875 0.0828125 0.1984375
7 0.4359375 0.59765625 0.06875 0.146875
9 0.52734375 0.13671875 0.059375 0.1359375
9 0.35859375 0.48828125 0.071875 0.1453125
10 0.44609375 0.29765625 0.0546875 0.10625
10 0.30703125 0.05 0.0546875 0.1
10 0.30234375 0.20625 0.053125 0.1109375
10 0.25703125 0.6 0.0640625 0.1203125