3 0.421875 0.4109375 0.0921875 0.1453125
4 0.42109375 0.07265625 0.06875 0.1125
6 0.88515625 0.653125 0.1125 0.15625
2 0.79375 0.41875 0.1296875 0.215625
5 0.55 0.275 0.103125 0.1921875
4 0.671875 0.3640625 0.071875 0.1140625
4 0.61171875 0.19765625 0.0671875 0.1109375
4 0.471875 0.30703125 0.0703125 0.1109375
4 0.621875 0.47734375 0.075 0.1171875
12 0.6859375 0.68046875 0.103125 0.1546875
12 0.1171875 0.13515625 0.084375 0.128125
11 0.31953125 0.33046875 0.096875 0.184375
8 0.24765625 0.428125 0.1140625 0.20625
7 0.465625 0.61171875 0.0921875 0.1546875
9 0.4265625 0.14296875 0.08125 0.140625
9 0.3609375 0.528125 0.09375 0.153125
10 0.39296875 0.3203125 0.071875 0.1125
10 0.190625 0.11796875 0.071875 0.1109375
10 0.2296875 0.271875 0.0703125 0.1171875
10 0.29375 0.66328125 0.0828125 0.1265625