2 0.72421875 0.25078125 0.1203125 0.221875
1 0.5328125 0.14609375 0.084375 0.15
6 0.4890625 0.07421875 0.078125 0.1359375
6 0.4390625 0.1703125 0.08125 0.1359375
4 0.6515625 0.309375 0.06875 0.11875
4 0.79140625 0.7328125 0.084375 0.1296875
4 0.6125 0.51484375 0.0765625 0.13125
4 0.57265625 0.6515625 0.0859375 0.1375
4 0.3578125 0.1984375 0.0671875 0.1125
3 0.39375 0.265625 0.090625 0.146875
3 0.278125 0.68671875 0.1078125 0.1640625
8 0.15234375 0.4734375 0.11875 0.2171875
7 0.12421875 0.21875 0.0984375 0.1546875
7 0.34453125 0.45390625 0.0953125 0.1609375
12 0.1265625 0.1625 0.090625 0.14375
11 0.28046875 0.184375 0.1046875 0.1921875
9 0.2953125 0.834375 0.1078125 0.1765625
10 0.2140625 0.21171875 0.0734375 0.121875
10 0.23203125 0.38671875 0.0765625 0.1125
10 0.2515625 0.4828125 0.0875 0.1265625
10 0.37109375 0.59453125 0.0859375 0.1359375