2 0.221875 0.3125 0.0921875 0.2140625
1 0.38203125 0.1640625 0.065625 0.14375
6 0.4078125 0.08359375 0.0609375 0.13125
6 0.4796875 0.165625 0.065625 0.1296875
4 0.30703125 0.3515625 0.0546875 0.1140625
4 0.2734375 0.796875 0.06875 0.1234375
4 0.39453125 0.54140625 0.0609375 0.125
4 0.46640625 0.66484375 0.06875 0.1296875
4 0.56484375 0.17265625 0.053125 0.1078125
3 0.54609375 0.246875 0.0734375 0.140625
3 0.76015625 0.62734375 0.0890625 0.1546875
8 0.83046875 0.390625 0.090625 0.209375
7 0.796875 0.1359375 0.0796875 0.146875
7 0.63984375 0.41796875 0.075 0.153125
12 0.78125 0.08203125 0.071875 0.1375
11 0.63671875 0.140625 0.08125 0.184375
9 0.7796875 0.775 0.0859375 0.16875
10 0.7078125 0.15078125 0.059375 0.1171875
10 0.7328125 0.325 0.0640625 0.10625
10 0.73671875 0.4234375 0.071875 0.11875
10 0.64765625 0.56015625 0.06875 0.1296875