9 0.5078125 0.6546875 0.1078125 0.1734375
8 0.87421875 0.39765625 0.128125 0.21875
11 0.740625 0.1984375 0.10625 0.1890625
7 0.57734375 0.45078125 0.1015625 0.15625
12 0.66171875 0.18984375 0.090625 0.1375
10 0.60234375 0.3484375 0.0796875 0.115625
10 0.803125 0.23984375 0.0921875 0.128125
10 0.7734375 0.40625 0.0796875 0.1203125
10 0.62421875 0.6 0.084375 0.1359375
6 0.83203125 0.1484375 0.09375 0.1421875
3 0.70703125 0.70625 0.1171875 0.1765625
1 0.56015625 0.24140625 0.0859375 0.1546875
2 0.29140625 0.23671875 0.13125 0.2140625
4 0.3625 0.29921875 0.0765625 0.121875
4 0.4171875 0.646875 0.0828125 0.1328125
4 0.38515625 0.509375 0.08125 0.128125