9 0.553125 0.64609375 0.0734375 0.1625
8 0.828125 0.2921875 0.084375 0.2078125
11 0.6421875 0.140625 0.06875 0.18125
7 0.559375 0.43046875 0.071875 0.1453125
12 0.5640625 0.15625 0.0640625 0.128125
10 0.553125 0.325 0.0578125 0.1078125
10 0.7140625 0.1625 0.06875 0.1171875
10 0.734375 0.33046875 0.05625 0.1125
10 0.6484375 0.55859375 0.0578125 0.128125
6 0.71484375 0.06640625 0.0671875 0.1328125
3 0.7578125 0.6375 0.084375 0.1640625
1 0.48203125 0.23515625 0.0546875 0.1484375
2 0.2234375 0.309375 0.0890625 0.203125
4 0.309375 0.34765625 0.053125 0.115625
4 0.46328125 0.66484375 0.05625 0.1265625
4 0.39296875 0.54296875 0.05625 0.1203125