5 0.19453125 0.46328125 0.10625 0.1859375
2 0.196875 0.359375 0.1078125 0.190625
3 0.1890625 0.30078125 0.0890625 0.13125
3 0.1984375 0.60078125 0.0984375 0.1328125
1 0.19453125 0.20859375 0.075 0.1421875
1 0.2125 0.7140625 0.0890625 0.1421875
6 0.2 0.13203125 0.0765625 0.1328125
6 0.2125 0.846875 0.0984375 0.140625
4 0.31484375 0.828125 0.0796875 0.1203125
4 0.309375 0.6859375 0.0828125 0.121875
4 0.31484375 0.57890625 0.0734375 0.1109375
4 0.2953125 0.46796875 0.0703125 0.1078125
4 0.2890625 0.38359375 0.065625 0.10625
4 0.28046875 0.30546875 0.065625 0.10625
4 0.28125 0.21328125 0.059375 0.103125
4 0.2703125 0.128125 0.0609375 0.1046875
11 0.7828125 0.265625 0.0953125 0.1796875
8 0.81484375 0.34296875 0.1078125 0.2046875
9 0.7734375 0.1859375 0.084375 0.125
9 0.84296875 0.47890625 0.090625 0.1421875
7 0.74140625 0.096875 0.078125 0.1421875
7 0.88125 0.5921875 0.0921875 0.15
12 0.71875 0.05 0.075 0.1
12 0.91953125 0.7296875 0.0953125 0.1484375
10 0.65234375 0.053125 0.0625 0.1046875
10 0.66171875 0.1328125 0.0640625 0.1078125
10 0.690625 0.2140625 0.0640625 0.1078125
10 0.703125 0.29453125 0.0671875 0.1046875
10 0.7234375 0.39296875 0.071875 0.1125
10 0.75234375 0.50078125 0.0703125 0.1140625
10 0.78359375 0.6171875 0.075 0.11875
10 0.81484375 0.74921875 0.084375 0.11875