5 0.20078125 0.42578125 0.0875 0.1796875
2 0.21640625 0.3234375 0.0875 0.184375
3 0.215625 0.26484375 0.075 0.125
3 0.18828125 0.56328125 0.084375 0.125
1 0.23203125 0.1734375 0.059375 0.1375
1 0.18828125 0.67734375 0.075 0.1359375
6 0.246875 0.09765625 0.0609375 0.128125
6 0.17265625 0.809375 0.084375 0.134375
4 0.27578125 0.803125 0.0671875 0.1140625
4 0.28828125 0.6609375 0.0703125 0.115625
4 0.30625 0.55546875 0.0609375 0.10625
4 0.30078125 0.44375 0.059375 0.103125
4 0.3046875 0.35859375 0.0546875 0.1015625
4 0.30625 0.28046875 0.0546875 0.1015625
4 0.31796875 0.18828125 0.0484375 0.0984375
4 0.3171875 0.103125 0.0484375 0.1015625
11 0.809375 0.30234375 0.0765625 0.175
8 0.83203125 0.3828125 0.0859375 0.1984375
9 0.809375 0.221875 0.071875 0.11875
9 0.84296875 0.5203125 0.0765625 0.1359375
7 0.7890625 0.12890625 0.0625 0.1375
7 0.8671875 0.63828125 0.0765625 0.14375
12 0.77421875 0.0671875 0.0625 0.1234375
12 0.88828125 0.77890625 0.0796875 0.140625
10 0.70546875 0.075 0.0515625 0.1015625
10 0.70546875 0.15546875 0.0515625 0.103125
10 0.7234375 0.2390625 0.0515625 0.1046875
10 0.7265625 0.3203125 0.05625 0.1
10 0.73515625 0.42109375 0.059375 0.1078125
10 0.75078125 0.53203125 0.059375 0.109375
10 0.7671875 0.6515625 0.0625 0.1140625
10 0.78203125 0.7859375 0.071875 0.1125