7 0.43828125 0.4359375 0.0796875 0.1453125
12 0.42421875 0.34609375 0.0671875 0.134375
9 0.46171875 0.65234375 0.08125 0.1625
8 0.1546875 0.32890625 0.096875 0.2171875
11 0.32109375 0.1578125 0.08125 0.18125
10 0.25234375 0.1828125 0.0625 0.1140625
10 0.2484375 0.35546875 0.065625 0.1109375
10 0.3609375 0.575 0.059375 0.121875
6 0.24375 0.08671875 0.05625 0.1328125
3 0.34375 0.43203125 0.0734375 0.159375
2 0.75703125 0.27890625 0.1015625 0.20625
4 0.43125 0.54453125 0.0625 0.1125
4 0.578125 0.3375 0.0625 0.1171875
4 0.553125 0.66015625 0.0671875 0.1234375