7 0.5640625 0.43828125 0.084375 0.1484375
12 0.58125 0.34921875 0.071875 0.1359375
9 0.5328125 0.653125 0.0875 0.165625
8 0.8515625 0.34140625 0.103125 0.21875
11 0.690625 0.1640625 0.0875 0.1828125
10 0.75859375 0.19140625 0.0671875 0.115625
10 0.75625 0.3640625 0.06875 0.1125
10 0.6359375 0.5796875 0.0640625 0.1234375
6 0.7703125 0.0953125 0.0609375 0.134375
3 0.65859375 0.4375 0.078125 0.1609375
2 0.25078125 0.2703125 0.1078125 0.209375
4 0.5671875 0.546875 0.0671875 0.1140625
4 0.428125 0.334375 0.065625 0.11875
4 0.440625 0.6578125 0.0703125 0.125