6 0.15625 0.75546875 0.0796875 0.1375
2 0.2640625 0.609375 0.0890625 0.20625
5 0.37421875 0.2984375 0.06875 0.16875
4 0.2921875 0.234375 0.0515625 0.10625
4 0.28125 0.4125 0.0546875 0.10625
4 0.36015625 0.50859375 0.0578125 0.1078125
4 0.4578125 0.2984375 0.0546875 0.1046875
3 0.53828125 0.38359375 0.0609375 0.1359375
7 0.54765625 0.5953125 0.065625 0.14375
11 0.6140625 0.27890625 0.071875 0.1765625
8 0.7078125 0.35 0.078125 0.196875
9 0.6265625 0.478125 0.065625 0.14375
10 0.5375 0.29453125 0.05 0.103125
10 0.68203125 0.196875 0.05 0.10625
10 0.72578125 0.59453125 0.059375 0.1140625
10 0.678125 0.0453125 0.05 0.090625
12 0.75234375 0.04375 0.0609375 0.0875
12 0.35 0.7265625 0.0734375 0.1484375