6 0.096875 0.64375 0.1078125 0.15
2 0.2421875 0.53515625 0.13125 0.21875
5 0.43828125 0.27109375 0.103125 0.1765625
4 0.37890625 0.18515625 0.0734375 0.1140625
4 0.31640625 0.35234375 0.0765625 0.1140625
4 0.3640625 0.46796875 0.0796875 0.115625
4 0.51875 0.29453125 0.0765625 0.1125
3 0.5703125 0.4 0.090625 0.1453125
7 0.51796875 0.60546875 0.0953125 0.153125
11 0.67421875 0.321875 0.1078125 0.1859375
8 0.74296875 0.4171875 0.1203125 0.20625
9 0.62734375 0.51640625 0.0953125 0.153125
10 0.59609375 0.31484375 0.0703125 0.109375
10 0.7625 0.26328125 0.071875 0.1125
10 0.68828125 0.65625 0.0828125 0.1234375
10 0.80390625 0.1140625 0.0703125 0.10625
12 0.8765625 0.13359375 0.0796875 0.1078125
12 0.290625 0.67265625 0.103125 0.159375