2 0.22734375 0.303125 0.0859375 0.2109375
1 0.3953125 0.1578125 0.053125 0.14375
6 0.42109375 0.0796875 0.0640625 0.13125
6 0.478125 0.43671875 0.0734375 0.1578125
4 0.31484375 0.34296875 0.059375 0.1171875
4 0.2609375 0.78125 0.0625 0.1234375
4 0.4578125 0.66796875 0.065625 0.1265625
4 0.39296875 0.53671875 0.0578125 0.128125
4 0.578125 0.178125 0.053125 0.1078125
4 0.50234375 0.175 0.0578125 0.1078125
3 0.39921875 0.33515625 0.06875 0.153125
3 0.5609375 0.77578125 0.0734375 0.165625
11 0.646875 0.1421875 0.0703125 0.1828125
9 0.76875 0.784375 0.0890625 0.1640625
12 0.7953125 0.0828125 0.065625 0.128125
7 0.6421875 0.42578125 0.0703125 0.15625
7 0.80390625 0.14453125 0.065625 0.1625
8 0.8390625 0.40234375 0.096875 0.2078125
10 0.58046875 0.08203125 0.059375 0.1109375
10 0.71953125 0.1609375 0.0578125 0.115625
10 0.73828125 0.33125 0.0515625 0.1140625
10 0.73984375 0.43359375 0.0609375 0.11875
10 0.64453125 0.55703125 0.0671875 0.125