2 0.746875 0.27109375 0.103125 0.2171875
1 0.56171875 0.14765625 0.0640625 0.146875
6 0.52734375 0.07265625 0.0765625 0.1359375
6 0.5140625 0.43515625 0.0875 0.1640625
4 0.6640625 0.321875 0.06875 0.121875
4 0.77109375 0.75 0.0734375 0.128125
4 0.5625 0.66171875 0.0765625 0.13125
4 0.6109375 0.5234375 0.06875 0.13125
4 0.38359375 0.18984375 0.0609375 0.1109375
4 0.45859375 0.17734375 0.065625 0.1125
3 0.5796875 0.32421875 0.08125 0.1578125
3 0.47265625 0.78125 0.0875 0.171875
11 0.3109375 0.1625 0.084375 0.1875
9 0.26796875 0.81484375 0.103125 0.1703125
12 0.15625 0.121875 0.0765625 0.1328125
7 0.34921875 0.44375 0.084375 0.1609375
7 0.1546875 0.184375 0.0796875 0.1671875
8 0.1515625 0.44453125 0.1140625 0.2140625
10 0.36953125 0.0953125 0.06875 0.115625
10 0.240625 0.190625 0.0671875 0.1203125
10 0.24296875 0.3609375 0.0609375 0.1171875
10 0.25390625 0.46328125 0.071875 0.1234375
10 0.36328125 0.57421875 0.078125 0.1296875