11 0.70234375 0.171875 0.0953125 0.1921875
8 0.84609375 0.45546875 0.115625 0.2296875
12 0.85703125 0.13203125 0.0796875 0.1390625
7 0.859375 0.19375 0.084375 0.159375
7 0.65546875 0.44921875 0.0921875 0.1609375
9 0.72265625 0.821875 0.1125 0.1890625
10 0.64296875 0.10234375 0.0640625 0.11875
10 0.77109375 0.19921875 0.075 0.128125
10 0.759375 0.3765625 0.0734375 0.128125
10 0.74765625 0.47109375 0.0828125 0.13125
10 0.63125 0.58203125 0.0734375 0.13125
2 0.26015625 0.2625 0.109375 0.209375
1 0.45234375 0.146875 0.0703125 0.153125
3 0.52109375 0.7796875 0.0984375 0.178125
3 0.596875 0.25703125 0.0921875 0.14375
6 0.490625 0.075 0.0765625 0.134375
6 0.4859375 0.434375 0.0828125 0.14375
4 0.21953125 0.7453125 0.078125 0.1296875
4 0.62734375 0.1953125 0.0671875 0.1125
4 0.55390625 0.17734375 0.065625 0.1109375
4 0.33984375 0.3171875 0.0640625 0.115625
4 0.3875 0.5234375 0.0734375 0.1296875
4 0.4359375 0.65703125 0.0765625 0.125