6 0.65 0.0859375 0.0640625 0.1203125
6 0.80390625 0.77734375 0.0921875 0.153125
2 0.80703125 0.409375 0.1015625 0.2078125
5 0.62734375 0.31171875 0.0890625 0.1875
4 0.7109375 0.4328125 0.06875 0.1171875
4 0.71328125 0.2546875 0.059375 0.1078125
4 0.71171875 0.16875 0.0578125 0.1015625
4 0.58046875 0.071875 0.0609375 0.1109375
4 0.6234375 0.5234375 0.0609375 0.1140625
4 0.54609375 0.30859375 0.0609375 0.1078125
3 0.6390625 0.1484375 0.0609375 0.134375
3 0.459375 0.3875 0.0875 0.1484375
7 0.42890625 0.59375 0.0859375 0.1515625
8 0.1953125 0.3203125 0.10625 0.2109375
11 0.39609375 0.2796875 0.0875 0.178125
9 0.41015625 0.1796875 0.0734375 0.140625
9 0.15390625 0.55390625 0.103125 0.1640625
12 0.22265625 0.70546875 0.090625 0.146875
12 0.27265625 0.03828125 0.0734375 0.0765625
10 0.25078125 0.58046875 0.0671875 0.1171875
10 0.3484375 0.04375 0.065625 0.0875
10 0.33125 0.19140625 0.0734375 0.1140625
10 0.46640625 0.290625 0.0640625 0.115625
10 0.4140625 0.72890625 0.0796875 0.1296875