6 0.515625 0.06015625 0.075 0.1203125
6 0.1140625 0.64296875 0.10625 0.1578125
2 0.24921875 0.30078125 0.1203125 0.2125
5 0.45234375 0.278125 0.10625 0.190625
4 0.3296875 0.35859375 0.078125 0.1203125
4 0.39375 0.1921875 0.06875 0.1109375
4 0.428125 0.11328125 0.0671875 0.1046875
4 0.5859375 0.07265625 0.0703125 0.1140625
4 0.3765625 0.47578125 0.0703125 0.1171875
4 0.52890625 0.30546875 0.0703125 0.1109375
3 0.50234375 0.121875 0.0734375 0.1359375
3 0.5796875 0.4109375 0.1 0.153125
7 0.53046875 0.61328125 0.0984375 0.1546875
8 0.85 0.446875 0.125 0.215625
11 0.67890625 0.334375 0.1046875 0.18125
9 0.703125 0.23671875 0.0859375 0.14375
9 0.80078125 0.6796875 0.1171875 0.16875
12 0.68046875 0.79453125 0.103125 0.1515625
12 0.89140625 0.1390625 0.0828125 0.121875
10 0.7015625 0.66796875 0.0765625 0.1203125
10 0.81484375 0.12578125 0.0734375 0.109375
10 0.771875 0.27734375 0.0828125 0.1171875
10 0.609375 0.31875 0.075 0.11875
10 0.49375 0.74375 0.090625 0.134375