1 0.68671875 0.64296875 0.084375 0.15625
6 0.6609375 0.0875 0.0734375 0.1203125
6 0.79296875 0.78359375 0.0890625 0.14375
2 0.80859375 0.41796875 0.1125 0.2078125
5 0.6328125 0.30859375 0.0859375 0.171875
1 0.52734375 0.50078125 0.075 0.1421875
4 0.71953125 0.2625 0.0625 0.1046875
4 0.725 0.1796875 0.05625 0.1
4 0.71171875 0.4375 0.065625 0.1140625
4 0.70390625 0.54140625 0.0671875 0.109375
4 0.59921875 0.765625 0.071875 0.121875
4 0.59375 0.63203125 0.06875 0.109375
4 0.54921875 0.30546875 0.0609375 0.1046875
4 0.59296875 0.07890625 0.059375 0.109375
3 0.6515625 0.15078125 0.075 0.1375
3 0.45859375 0.38671875 0.0875 0.1421875
11 0.23125 0.22578125 0.0984375 0.184375
8 0.20078125 0.3078125 0.10625 0.2046875
12 0.215625 0.68984375 0.0859375 0.146875
12 0.28828125 0.03203125 0.0765625 0.0640625
7 0.43984375 0.04921875 0.0640625 0.0984375
7 0.16484375 0.4265625 0.0859375 0.1453125
9 0.41875 0.17890625 0.078125 0.1453125
9 0.15390625 0.54375 0.0921875 0.153125
10 0.47109375 0.29375 0.059375 0.1078125
10 0.49296875 0.13125 0.065625 0.1109375
10 0.3640625 0.03984375 0.0625 0.0796875
10 0.33359375 0.1890625 0.0640625 0.10625
10 0.2921875 0.36796875 0.071875 0.1046875
10 0.26640625 0.46796875 0.0640625 0.1109375
10 0.24765625 0.571875 0.071875 0.11875
10 0.40859375 0.7234375 0.075 0.1234375