1 0.69375 0.63359375 0.078125 0.153125
6 0.6390625 0.0796875 0.06875 0.1171875
6 0.80703125 0.7671875 0.0828125 0.1421875
2 0.80390625 0.4015625 0.103125 0.20625
5 0.62265625 0.3015625 0.078125 0.1703125
1 0.52734375 0.49921875 0.06875 0.140625
4 0.70703125 0.2515625 0.0578125 0.103125
4 0.7078125 0.16796875 0.0515625 0.0984375
4 0.7078125 0.4265625 0.0609375 0.1125
4 0.70546875 0.53046875 0.0625 0.10625
4 0.6125 0.76015625 0.065625 0.1203125
4 0.60078125 0.62734375 0.0640625 0.1078125
4 0.5390625 0.303125 0.05625 0.103125
4 0.57109375 0.07421875 0.053125 0.1078125
3 0.6328125 0.14296875 0.06875 0.1359375
3 0.453125 0.3890625 0.08125 0.140625
11 0.2171875 0.23984375 0.090625 0.1828125
8 0.19140625 0.3234375 0.096875 0.2015625
12 0.2265625 0.70390625 0.0796875 0.1453125
12 0.2625 0.0375 0.071875 0.075
7 0.4171875 0.05078125 0.059375 0.1015625
7 0.1609375 0.44453125 0.078125 0.14375
9 0.4015625 0.18359375 0.071875 0.14375
9 0.15625 0.56171875 0.084375 0.15
10 0.4609375 0.2953125 0.0546875 0.10625
10 0.4734375 0.13203125 0.0609375 0.109375
10 0.33984375 0.04375 0.0578125 0.0875
10 0.3171875 0.1984375 0.059375 0.1046875
10 0.2859375 0.37890625 0.0671875 0.103125
10 0.26484375 0.48046875 0.0578125 0.109375
10 0.2515625 0.58515625 0.0671875 0.1171875
10 0.4203125 0.728125 0.06875 0.1203125