5 0.51875 0.42109375 0.071875 0.1765625
2 0.7671875 0.29296875 0.084375 0.2109375
6 0.7875 0.4328125 0.0734375 0.1359375
4 0.746875 0.78125 0.0671875 0.1203125
4 0.68046875 0.340625 0.053125 0.1109375
4 0.509375 0.26171875 0.05 0.11875
4 0.5453125 0.66484375 0.0609375 0.125
4 0.60625 0.53671875 0.0609375 0.1171875
4 0.484375 0.16875 0.053125 0.1125
6 0.56328125 0.08359375 0.0578125 0.125
1 0.5921875 0.15625 0.05625 0.15
1 0.3515625 0.540625 0.08125 0.1484375
9 0.3484375 0.3234375 0.0625 0.1359375
9 0.24453125 0.79609375 0.0859375 0.153125
12 0.1921875 0.09375 0.0640625 0.1296875
11 0.33828125 0.153125 0.071875 0.175
8 0.1609375 0.4125 0.0953125 0.2140625
7 0.1796875 0.15625 0.065625 0.146875
7 0.35625 0.43203125 0.06875 0.146875
10 0.40625 0.0890625 0.0515625 0.1046875
10 0.4109375 0.24609375 0.05625 0.1125
10 0.2671875 0.16875 0.0546875 0.1109375
10 0.25703125 0.33984375 0.05625 0.11875
10 0.259375 0.44140625 0.0625 0.1125
10 0.25078125 0.6671875 0.0671875 0.1203125