5 0.496875 0.41875 0.1046875 0.1859375
2 0.2765625 0.24609375 0.121875 0.221875
6 0.23125 0.37890625 0.096875 0.146875
4 0.20390625 0.72890625 0.0890625 0.1296875
4 0.353125 0.309375 0.071875 0.11875
4 0.53671875 0.2640625 0.071875 0.125
4 0.42421875 0.653125 0.084375 0.1328125
4 0.3890625 0.515625 0.08125 0.125
4 0.57890625 0.178125 0.0734375 0.1203125
6 0.51796875 0.07890625 0.0796875 0.1328125
1 0.475 0.14453125 0.0828125 0.15625
1 0.63828125 0.56875 0.1078125 0.159375
9 0.68203125 0.35625 0.0875 0.14375
9 0.69453125 0.8390625 0.1125 0.165625
12 0.8796875 0.16015625 0.0875 0.1390625
11 0.725 0.18984375 0.1046875 0.184375
8 0.85 0.478125 0.1328125 0.2265625
7 0.8796875 0.2234375 0.090625 0.1546875
7 0.65390625 0.4609375 0.0953125 0.15625
10 0.6703125 0.11484375 0.0703125 0.1125
10 0.6359375 0.26796875 0.0765625 0.1203125
10 0.7921875 0.21953125 0.0734375 0.11875
10 0.76875 0.3890625 0.078125 0.1265625
10 0.74765625 0.4890625 0.0828125 0.121875
10 0.71328125 0.71171875 0.0875 0.1296875