12 0.7796875 0.075 0.065625 0.1265625
8 0.82265625 0.28828125 0.0953125 0.20625
7 0.79609375 0.13203125 0.065625 0.1484375
11 0.634375 0.1375 0.0796875 0.1859375
9 0.7796875 0.775 0.09375 0.1609375
10 0.709375 0.15390625 0.0578125 0.1140625
10 0.7328125 0.325 0.05625 0.1125
10 0.7375 0.425 0.0625 0.115625
10 0.646875 0.5546875 0.065625 0.1140625
2 0.21875 0.3140625 0.096875 0.209375
1 0.38359375 0.1640625 0.0609375 0.153125
6 0.40703125 0.08359375 0.0609375 0.1375
6 0.48046875 0.34375 0.0671875 0.1375
3 0.7609375 0.62890625 0.08125 0.16875
3 0.64765625 0.4296875 0.0734375 0.1546875
4 0.5625 0.17890625 0.05625 0.1109375
4 0.30703125 0.353125 0.053125 0.1140625
4 0.4953125 0.80703125 0.0640625 0.121875
4 0.465625 0.66796875 0.0625 0.1171875
4 0.3953125 0.54453125 0.0609375 0.121875