12 0.86171875 0.1421875 0.078125 0.13125
8 0.86015625 0.36015625 0.115625 0.2125
7 0.86640625 0.2015625 0.08125 0.153125
11 0.70703125 0.1734375 0.096875 0.1921875
9 0.71640625 0.8265625 0.109375 0.16875
10 0.7765625 0.20546875 0.06875 0.11875
10 0.7640625 0.37734375 0.0671875 0.115625
10 0.7484375 0.47578125 0.0734375 0.1203125
10 0.63203125 0.584375 0.0765625 0.1203125
2 0.26328125 0.259375 0.1171875 0.2171875
1 0.45625 0.14765625 0.0765625 0.1578125
6 0.4953125 0.07265625 0.075 0.140625
6 0.5140625 0.34296875 0.08125 0.1421875
3 0.72890625 0.68046875 0.0984375 0.175
3 0.65859375 0.46171875 0.0875 0.159375
4 0.62734375 0.19921875 0.0671875 0.1140625
4 0.34140625 0.315625 0.0640625 0.11875
4 0.43125 0.79921875 0.075 0.1265625
4 0.43203125 0.65703125 0.0734375 0.121875
4 0.38828125 0.521875 0.0734375 0.1265625