5 0.41640625 0.28203125 0.0921875 0.184375
3 0.56328125 0.403125 0.084375 0.1484375
7 0.55 0.60390625 0.0828125 0.15625
11 0.6546875 0.30234375 0.0828125 0.18125
9 0.8234375 0.6234375 0.0890625 0.16875
8 0.74296875 0.3890625 0.0953125 0.203125
12 0.83125 0.08359375 0.071875 0.1171875
12 0.7234375 0.7625 0.0953125 0.146875
10 0.72890625 0.6328125 0.071875 0.1140625
10 0.7375 0.23515625 0.065625 0.1109375
10 0.75234375 0.078125 0.065625 0.1078125
10 0.578125 0.309375 0.0546875 0.10625
10 0.5296875 0.73984375 0.0734375 0.1234375
4 0.51875 0.065625 0.0625 0.10625
4 0.34453125 0.21640625 0.0640625 0.1140625
4 0.36953125 0.13125 0.0609375 0.10625
4 0.4984375 0.3 0.065625 0.1109375
4 0.37734375 0.49375 0.06875 0.1234375
4 0.3109375 0.3875 0.0625 0.11875
2 0.22109375 0.3421875 0.0984375 0.2125
6 0.1421875 0.70390625 0.0953125 0.15