5 0.56796875 0.2765625 0.103125 0.1890625
3 0.4296875 0.4078125 0.09375 0.1515625
7 0.4578125 0.60703125 0.0921875 0.159375
11 0.33203125 0.3140625 0.09375 0.184375
9 0.1859375 0.6453125 0.1 0.1734375
8 0.25 0.40625 0.109375 0.2078125
12 0.140625 0.1078125 0.0796875 0.1203125
12 0.2953125 0.77734375 0.103125 0.1515625
10 0.28046875 0.6484375 0.0796875 0.1171875
10 0.24453125 0.25234375 0.0734375 0.1140625
10 0.21875 0.096875 0.071875 0.1109375
10 0.409375 0.31484375 0.0609375 0.1078125
10 0.48671875 0.740625 0.08125 0.1265625
4 0.4515625 0.06796875 0.06875 0.109375
4 0.63515625 0.20625 0.071875 0.1171875
4 0.6046875 0.12265625 0.0671875 0.109375
4 0.4875 0.3 0.071875 0.1140625
4 0.621875 0.48515625 0.0765625 0.1265625
4 0.68125 0.375 0.0703125 0.1203125
2 0.7671875 0.3234375 0.1125 0.2171875
6 0.871875 0.678125 0.1046875 0.1546875