6 0.9 0.65625 0.10625 0.1515625
12 0.7015625 0.68046875 0.096875 0.1515625
2 0.75625 0.540625 0.128125 0.209375
5 0.56875 0.2703125 0.1015625 0.184375
4 0.68828125 0.359375 0.0796875 0.121875
4 0.63125 0.19296875 0.0734375 0.11875
4 0.63828125 0.471875 0.071875 0.11875
3 0.43359375 0.39921875 0.09375 0.146875
4 0.4890625 0.2921875 0.065625 0.109375
9 0.44609375 0.13046875 0.084375 0.14375
9 0.5140625 0.72734375 0.1 0.1640625
7 0.478125 0.60234375 0.0859375 0.1515625
11 0.3359375 0.31484375 0.096875 0.1859375
8 0.2609375 0.40859375 0.1125 0.2125
12 0.13828125 0.12109375 0.06875 0.10625
10 0.41171875 0.31015625 0.06875 0.1109375
10 0.21015625 0.103125 0.0703125 0.1046875
10 0.24609375 0.25546875 0.071875 0.1140625
10 0.3046875 0.6484375 0.084375 0.121875