6 0.85859375 0.7359375 0.0796875 0.1390625
12 0.659375 0.71796875 0.06875 0.140625
2 0.7421875 0.59296875 0.0890625 0.196875
5 0.61484375 0.2890625 0.0671875 0.175
4 0.71328125 0.4015625 0.0578125 0.1140625
4 0.6921875 0.22734375 0.0515625 0.1109375
4 0.64140625 0.5015625 0.05 0.1109375
3 0.45546875 0.3875 0.0671875 0.1375
4 0.53203125 0.29453125 0.046875 0.1015625
9 0.52421875 0.12734375 0.0578125 0.1359375
9 0.46640625 0.72578125 0.0703125 0.153125
7 0.45703125 0.5953125 0.0578125 0.14375
11 0.378125 0.28515625 0.0609375 0.178125
8 0.28515625 0.3609375 0.071875 0.2046875
12 0.225 0.05390625 0.05 0.1
10 0.453125 0.29609375 0.05 0.103125
10 0.29921875 0.0515625 0.0515625 0.096875
10 0.30234375 0.2078125 0.0515625 0.1078125
10 0.278125 0.6046875 0.0625 0.1125