11 0.1734375 0.2984375 0.078125 0.175
8 0.16171875 0.3875 0.0828125 0.1953125
9 0.34453125 0.2078125 0.0671875 0.140625
9 0.17265625 0.62265625 0.0765625 0.146875
12 0.27109375 0.75546875 0.0703125 0.1375
12 0.17734375 0.075 0.0609375 0.1109375
7 0.15859375 0.5109375 0.0703125 0.1421875
7 0.33203125 0.06328125 0.05625 0.1078125
10 0.42265625 0.30234375 0.046875 0.096875
10 0.4046875 0.146875 0.04375 0.096875
10 0.25546875 0.075 0.0484375 0.0984375
10 0.2625 0.23828125 0.05 0.1015625
10 0.26953125 0.42578125 0.059375 0.1015625
10 0.26640625 0.528125 0.0546875 0.10625
10 0.27265625 0.63046875 0.05625 0.1125
10 0.46328125 0.73671875 0.0609375 0.1109375
3 0.5640625 0.125 0.053125 0.134375
3 0.434375 0.3984375 0.06875 0.1421875
5 0.771875 0.26953125 0.0734375 0.1515625
2 0.7796875 0.34765625 0.0875 0.1890625
6 0.55703125 0.05859375 0.053125 0.1171875
6 0.85703125 0.71171875 0.0796875 0.134375
1 0.73125 0.19296875 0.0515625 0.1359375
1 0.71640625 0.5984375 0.0671875 0.1421875
4 0.70703125 0.49453125 0.059375 0.1
4 0.68984375 0.390625 0.0578125 0.1078125
4 0.62578125 0.61015625 0.0578125 0.10625
4 0.65859375 0.73203125 0.059375 0.109375
4 0.65390625 0.2171875 0.0515625 0.096875
4 0.6390625 0.13671875 0.0453125 0.1015625
4 0.4890625 0.0671875 0.0453125 0.0984375
4 0.503125 0.30078125 0.0484375 0.1046875