11 0.83671875 0.315625 0.0859375 0.1765625
8 0.84375 0.40546875 0.0921875 0.1984375
9 0.6703125 0.21640625 0.0734375 0.14375
9 0.8203125 0.6390625 0.0828125 0.15
12 0.71484375 0.7671875 0.078125 0.140625
12 0.84453125 0.09296875 0.0671875 0.1125
7 0.840625 0.528125 0.0765625 0.1453125
7 0.690625 0.07265625 0.0609375 0.109375
10 0.5875 0.30703125 0.0515625 0.0984375
10 0.61328125 0.15234375 0.0484375 0.0984375
10 0.76640625 0.0890625 0.053125 0.1
10 0.75078125 0.2515625 0.0546875 0.103125
10 0.734375 0.43828125 0.0640625 0.103125
10 0.73203125 0.540625 0.059375 0.109375
10 0.7203125 0.6421875 0.0625 0.1140625
10 0.52421875 0.73828125 0.065625 0.1140625
3 0.45625 0.12265625 0.059375 0.1359375
3 0.57109375 0.4015625 0.0765625 0.1453125
5 0.240625 0.25546875 0.08125 0.153125
2 0.228125 0.3328125 0.096875 0.1921875
6 0.465625 0.0578125 0.059375 0.115625
6 0.13203125 0.6921875 0.0859375 0.1375
1 0.28515625 0.18125 0.0578125 0.1375
1 0.278125 0.58671875 0.075 0.14375
4 0.29375 0.484375 0.0640625 0.1015625
4 0.31640625 0.38046875 0.0625 0.109375
4 0.36875 0.603125 0.0640625 0.1078125
4 0.3296875 0.7234375 0.0640625 0.1109375
4 0.3609375 0.21015625 0.05625 0.1
4 0.38046875 0.13046875 0.05 0.103125
4 0.53359375 0.06796875 0.05 0.1
4 0.50703125 0.30078125 0.053125 0.10625