2 0.28125 0.64375 0.08125 0.2
6 0.1609375 0.79140625 0.075 0.1390625
12 0.36484375 0.7765625 0.0734375 0.1375
4 0.31640625 0.2609375 0.053125 0.103125
4 0.378125 0.54765625 0.05625 0.103125
5 0.4 0.3265625 0.0703125 0.1734375
3 0.5609375 0.4328125 0.0671875 0.140625
4 0.484375 0.3390625 0.0484375 0.1015625
11 0.6390625 0.32734375 0.071875 0.171875
8 0.73671875 0.409375 0.075 0.196875
12 0.8171875 0.23984375 0.0671875 0.128125
10 0.56484375 0.3375 0.0484375 0.1
10 0.634375 0.17734375 0.053125 0.109375
10 0.71328125 0.08125 0.0484375 0.103125
10 0.75078125 0.6609375 0.0609375 0.1203125