2 0.26015625 0.60390625 0.1015625 0.2046875
6 0.115625 0.728125 0.0875 0.14375
12 0.31875 0.74921875 0.0875 0.14375
4 0.3609375 0.2328125 0.0625 0.1078125
4 0.371875 0.52578125 0.065625 0.1078125
5 0.43203125 0.31171875 0.0875 0.1796875
3 0.571875 0.44453125 0.08125 0.146875
4 0.5125 0.33828125 0.0578125 0.10625
11 0.6671875 0.35390625 0.0890625 0.1765625
8 0.74921875 0.45234375 0.09375 0.203125
12 0.85703125 0.2984375 0.0796875 0.1328125
10 0.5921875 0.3515625 0.059375 0.1046875
10 0.68828125 0.20546875 0.0640625 0.1125
10 0.7828125 0.125 0.059375 0.1078125
10 0.71953125 0.70234375 0.0734375 0.125