2 0.7265625 0.253125 0.115625 0.2140625
1 0.53046875 0.14375 0.08125 0.1578125
1 0.3703125 0.56640625 0.09375 0.159375
3 0.56328125 0.321875 0.0859375 0.1578125
3 0.49765625 0.78671875 0.1109375 0.175
6 0.49140625 0.078125 0.0765625 0.1359375
6 0.50859375 0.434375 0.090625 0.1484375
4 0.790625 0.7328125 0.09375 0.140625
4 0.64921875 0.309375 0.0734375 0.11875
4 0.428125 0.1828125 0.0671875 0.115625
4 0.36015625 0.203125 0.0765625 0.11875
4 0.615625 0.51796875 0.078125 0.125
4 0.57421875 0.65390625 0.0859375 0.134375
8 0.15 0.47421875 0.1203125 0.221875
9 0.2953125 0.83359375 0.1046875 0.171875
11 0.28046875 0.184375 0.0953125 0.1875
12 0.1265625 0.15078125 0.0828125 0.134375
7 0.34375 0.45234375 0.090625 0.15625
7 0.12578125 0.2171875 0.084375 0.1546875
10 0.334375 0.109375 0.071875 0.1125
10 0.2140625 0.21875 0.0703125 0.115625
10 0.23046875 0.38671875 0.071875 0.1171875
10 0.25234375 0.48515625 0.0796875 0.121875
10 0.2859375 0.7109375 0.0875 0.13125