2 0.23046875 0.30078125 0.078125 0.203125
1 0.40234375 0.15625 0.053125 0.15
1 0.63984375 0.540625 0.065625 0.15
3 0.40390625 0.3375 0.059375 0.15
3 0.55703125 0.78125 0.08125 0.1625
6 0.428125 0.084375 0.053125 0.128125
6 0.47890625 0.4375 0.065625 0.1375
4 0.259375 0.78359375 0.06875 0.1296875
4 0.3171875 0.34140625 0.053125 0.109375
4 0.51015625 0.175 0.046875 0.109375
4 0.58046875 0.18203125 0.05625 0.109375
4 0.38984375 0.53984375 0.05625 0.115625
4 0.45625 0.665625 0.0625 0.125
8 0.83828125 0.4078125 0.08125 0.209375
9 0.76484375 0.78828125 0.075 0.1609375
11 0.65546875 0.1484375 0.0625 0.178125
12 0.8 0.0859375 0.059375 0.125
7 0.64453125 0.4234375 0.0625 0.146875
7 0.81328125 0.15078125 0.05625 0.146875
10 0.58828125 0.08515625 0.053125 0.1046875
10 0.72734375 0.16953125 0.0515625 0.10625
10 0.74296875 0.3375 0.053125 0.109375
10 0.740625 0.43828125 0.059375 0.1125
10 0.75078125 0.66640625 0.065625 0.1203125