6 0.68671875 0.0484375 0.0609375 0.096875
4 0.76484375 0.70234375 0.065625 0.1171875
6 0.8671875 0.69296875 0.0859375 0.1359375
10 0.284375 0.765625 0.0703125 0.1125
12 0.1765625 0.78671875 0.0828125 0.1421875
9 0.1671875 0.16484375 0.071875 0.1328125
3 0.69609375 0.10625 0.06875 0.128125
10 0.2421875 0.16796875 0.0515625 0.0953125
4 0.6203125 0.128125 0.053125 0.0984375
7 0.16015625 0.24140625 0.0640625 0.1390625
1 0.7140625 0.18203125 0.059375 0.13125
10 0.25 0.253125 0.05 0.1
4 0.6421875 0.2078125 0.05 0.0984375
11 0.1640625 0.3203125 0.08125 0.171875
5 0.7546875 0.2625 0.084375 0.1640625
10 0.2546875 0.3359375 0.0546875 0.1015625
4 0.6609375 0.28828125 0.0546875 0.103125
8 0.16015625 0.40625 0.0890625 0.1984375
2 0.7734375 0.3328125 0.0953125 0.1890625
4 0.684375 0.378125 0.05625 0.103125
10 0.26875 0.43515625 0.05625 0.103125
7 0.16171875 0.528125 0.071875 0.1375
1 0.80234375 0.45703125 0.078125 0.1390625
4 0.71015625 0.48125 0.059375 0.103125
10 0.26953125 0.540625 0.059375 0.1078125
12 0.15859375 0.090625 0.0578125 0.109375
10 0.234375 0.0875 0.053125 0.0984375
9 0.18203125 0.64296875 0.0828125 0.146875
3 0.8375 0.57109375 0.0890625 0.134375
4 0.7359375 0.5875 0.065625 0.109375
10 0.28046875 0.64453125 0.0609375 0.1078125
4 0.6046875 0.04921875 0.05 0.0984375