6 0.621875 0.0390625 0.075 0.078125
4 0.790625 0.66328125 0.0796875 0.121875
6 0.88984375 0.63984375 0.1015625 0.1421875
10 0.3234375 0.79296875 0.0828125 0.1171875
12 0.21953125 0.82890625 0.1 0.146875
9 0.1234375 0.2140625 0.0875 0.1375
3 0.63984375 0.0828125 0.084375 0.1328125
10 0.1984375 0.20703125 0.0640625 0.0984375
4 0.5671875 0.11484375 0.0640625 0.1015625
7 0.128125 0.29140625 0.08125 0.140625
1 0.66796875 0.1546875 0.075 0.134375
10 0.21796875 0.28984375 0.0625 0.103125
4 0.6 0.190625 0.0625 0.1
11 0.1421875 0.36875 0.1015625 0.1765625
5 0.71953125 0.22890625 0.1046875 0.16875
10 0.234375 0.37109375 0.0671875 0.1046875
4 0.63046875 0.26796875 0.0671875 0.10625
8 0.15078125 0.4546875 0.1125 0.2015625
2 0.74765625 0.29609375 0.11875 0.19375
4 0.665625 0.35390625 0.06875 0.10625
10 0.26171875 0.46875 0.06875 0.10625
7 0.16875 0.575 0.0890625 0.140625
1 0.79375 0.415625 0.0953125 0.14375
4 0.70546875 0.45234375 0.071875 0.1078125
10 0.27734375 0.57265625 0.071875 0.1109375
12 0.1046875 0.1421875 0.0703125 0.1125
10 0.1796875 0.12890625 0.0640625 0.1015625
9 0.20546875 0.6859375 0.1 0.1515625
3 0.84453125 0.5234375 0.1046875 0.1421875
4 0.74609375 0.55390625 0.078125 0.1140625
10 0.303125 0.6734375 0.075 0.1125
4 0.5421875 0.04453125 0.0625 0.0890625