11 0.3390625 0.1484375 0.0703125 0.18125
8 0.1625 0.3125 0.08125 0.20625
9 0.45390625 0.64765625 0.06875 0.165625
6 0.26171875 0.07578125 0.0640625 0.1234375
12 0.41953125 0.1625 0.059375 0.1359375
7 0.43984375 0.43359375 0.0609375 0.1546875
10 0.26953125 0.1734375 0.05 0.1125
10 0.2578125 0.34296875 0.0578125 0.115625
10 0.34765625 0.33203125 0.05625 0.1203125
10 0.35703125 0.5640625 0.0609375 0.121875
3 0.24453125 0.65078125 0.0734375 0.1640625
1 0.503125 0.234375 0.0578125 0.15
2 0.76875 0.29609375 0.0890625 0.2109375
4 0.68203125 0.3421875 0.0546875 0.109375
4 0.609375 0.534375 0.0546875 0.1234375
4 0.54453125 0.6640625 0.0625 0.1203125