11 0.3578125 0.13984375 0.0734375 0.18125
8 0.17265625 0.29453125 0.0859375 0.2078125
9 0.44609375 0.6453125 0.071875 0.165625
6 0.284375 0.0640625 0.065625 0.125
12 0.4375 0.15859375 0.0625 0.1359375
7 0.44296875 0.43046875 0.0640625 0.15625
10 0.28671875 0.16171875 0.0515625 0.1125
10 0.26640625 0.33046875 0.0609375 0.115625
10 0.35703125 0.32421875 0.0578125 0.1203125
10 0.35390625 0.55703125 0.0625 0.1234375
3 0.2375 0.63671875 0.0765625 0.165625
1 0.5171875 0.23515625 0.059375 0.15
2 0.7796875 0.31015625 0.09375 0.2125
4 0.68984375 0.3515625 0.05625 0.109375
4 0.60703125 0.53984375 0.05625 0.125
4 0.5359375 0.66640625 0.0640625 0.1203125