2 0.23515625 0.2890625 0.0859375 0.2046875
6 0.43671875 0.0796875 0.0625 0.13125
1 0.496875 0.23046875 0.059375 0.1515625
4 0.5859375 0.178125 0.05 0.1171875
4 0.32109375 0.33828125 0.053125 0.1140625
4 0.39296875 0.5390625 0.0609375 0.11875
4 0.45703125 0.6640625 0.0609375 0.1234375
3 0.5640625 0.6546875 0.06875 0.1546875
3 0.75859375 0.64296875 0.0765625 0.15625
11 0.6609375 0.15078125 0.0625 0.1765625
12 0.8109375 0.096875 0.06875 0.134375
8 0.83515625 0.3109375 0.0765625 0.2046875
9 0.7609375 0.79296875 0.08125 0.1625
7 0.56171875 0.4328125 0.0625 0.1484375
10 0.65625 0.33203125 0.05625 0.1203125
10 0.73359375 0.17109375 0.0515625 0.1140625
10 0.74296875 0.34140625 0.05 0.115625
10 0.64453125 0.5625 0.059375 0.121875