2 0.196875 0.3484375 0.11875 0.215625
6 0.35078125 0.1015625 0.084375 0.1390625
1 0.440625 0.23671875 0.084375 0.1578125
4 0.5171875 0.1671875 0.06875 0.1234375
4 0.29140625 0.37890625 0.071875 0.1203125
4 0.403125 0.56015625 0.0796875 0.1265625
4 0.4921875 0.66953125 0.08125 0.13125
3 0.59453125 0.63828125 0.0953125 0.1640625
3 0.7828125 0.5859375 0.1015625 0.1671875
11 0.584375 0.125 0.0921875 0.1828125
12 0.7203125 0.05625 0.090625 0.1125
8 0.7890625 0.2453125 0.1109375 0.2140625
9 0.815625 0.73203125 0.1078125 0.1734375
7 0.54609375 0.421875 0.0859375 0.15625
10 0.61796875 0.30390625 0.0765625 0.128125
10 0.66015625 0.1296875 0.0703125 0.1203125
10 0.7046875 0.29453125 0.06875 0.121875
10 0.65390625 0.53125 0.0796875 0.1296875