3 0.28671875 0.6140625 0.0734375 0.14375
6 0.1609375 0.73125 0.0765625 0.1375
2 0.21171875 0.36796875 0.0765625 0.2015625
5 0.40234375 0.29453125 0.0625 0.18125
6 0.4125 0.06328125 0.0515625 0.1171875
9 0.4109375 0.13125 0.053125 0.13125
9 0.55859375 0.39375 0.0625 0.1375
4 0.48046875 0.0671875 0.046875 0.103125
4 0.32265625 0.22890625 0.05 0.1
4 0.3375 0.14453125 0.046875 0.0984375
4 0.3015625 0.40234375 0.05 0.109375
4 0.29375 0.5046875 0.05625 0.109375
4 0.359375 0.7375 0.065625 0.1125
4 0.48125 0.29765625 0.0484375 0.1078125
8 0.82734375 0.3640625 0.075 0.196875
12 0.79296875 0.053125 0.05625 0.10625
12 0.746875 0.74140625 0.06875 0.140625
7 0.84296875 0.4859375 0.0671875 0.140625
11 0.8125 0.2765625 0.0671875 0.171875
9 0.6359375 0.1953125 0.059375 0.1375
9 0.83671875 0.60078125 0.071875 0.146875
10 0.56328125 0.3015625 0.0453125 0.103125
10 0.71484375 0.05703125 0.0484375 0.0984375
10 0.71875 0.22421875 0.05 0.10625
10 0.72734375 0.4125 0.053125 0.103125
10 0.7359375 0.5125 0.05625 0.103125
10 0.73828125 0.6140625 0.05625 0.1078125
10 0.55234375 0.7328125 0.05625 0.115625