3 0.72578125 0.5875 0.090625 0.1515625
6 0.86484375 0.68828125 0.0921875 0.146875
2 0.7703125 0.33359375 0.1 0.209375
5 0.571875 0.284375 0.084375 0.1890625
6 0.5328125 0.05859375 0.065625 0.1171875
9 0.54375 0.1234375 0.06875 0.1375
9 0.42890625 0.4015625 0.078125 0.14375
4 0.46640625 0.06796875 0.0578125 0.109375
4 0.64296875 0.209375 0.0609375 0.1046875
4 0.61796875 0.12734375 0.059375 0.103125
4 0.68515625 0.37890625 0.0640625 0.1140625
4 0.70546875 0.4796875 0.06875 0.115625
4 0.66875 0.71875 0.078125 0.11875
4 0.49375 0.296875 0.0609375 0.1125
8 0.15859375 0.4046875 0.1 0.2046875
12 0.1546875 0.0921875 0.06875 0.1125
12 0.284375 0.76953125 0.0859375 0.146875
7 0.1578125 0.528125 0.084375 0.1484375
11 0.1625 0.31640625 0.0875 0.178125
9 0.328125 0.2140625 0.075 0.14375
9 0.178125 0.64140625 0.0890625 0.1546875
10 0.41328125 0.3109375 0.0578125 0.1078125
10 0.2328125 0.08671875 0.059375 0.103125
10 0.24921875 0.253125 0.0625 0.1109375
10 0.2640625 0.440625 0.0640625 0.109375
10 0.2671875 0.54140625 0.0671875 0.1078125
10 0.27734375 0.6421875 0.06875 0.1140625
10 0.4765625 0.7375 0.0703125 0.121875