6 0.871875 0.66953125 0.0984375 0.1484375
2 0.79609375 0.43203125 0.125 0.21875
5 0.56015625 0.27734375 0.09375 0.184375
9 0.44140625 0.1390625 0.0875 0.140625
4 0.44453125 0.0671875 0.0640625 0.10625
4 0.675 0.371875 0.071875 0.121875
4 0.6234375 0.20078125 0.0734375 0.1109375
4 0.48125 0.303125 0.065625 0.1125
4 0.6234375 0.48046875 0.075 0.121875
3 0.42265625 0.40546875 0.084375 0.146875
9 0.1828125 0.65703125 0.1 0.1578125
11 0.3265625 0.31796875 0.09375 0.178125
8 0.24921875 0.409375 0.1109375 0.2078125
10 0.2859375 0.65625 0.0765625 0.1203125
12 0.3 0.7828125 0.0921875 0.1484375
12 0.13203125 0.11171875 0.078125 0.1171875
10 0.20703125 0.1 0.071875 0.1171875
10 0.403125 0.31796875 0.075 0.1140625
10 0.24140625 0.26171875 0.0671875 0.1203125
7 0.45546875 0.6078125 0.0921875 0.1578125
10 0.4875 0.74140625 0.0796875 0.1265625