6 0.865625 0.68203125 0.0953125 0.1453125
2 0.79765625 0.4421875 0.11875 0.215625
5 0.56796875 0.2796875 0.0875 0.184375
9 0.45390625 0.1375 0.0828125 0.1390625
4 0.459375 0.065625 0.0609375 0.10625
4 0.67890625 0.378125 0.06875 0.121875
4 0.63359375 0.20546875 0.0703125 0.109375
4 0.48828125 0.303125 0.0625 0.1125
4 0.62421875 0.48515625 0.0703125 0.1203125
3 0.42578125 0.403125 0.0796875 0.1453125
9 0.17734375 0.6453125 0.0953125 0.15625
11 0.3328125 0.31171875 0.0890625 0.1765625
8 0.25234375 0.40078125 0.1046875 0.20625
10 0.28046875 0.6484375 0.0734375 0.1203125
12 0.28984375 0.77578125 0.0875 0.146875
12 0.1453125 0.09921875 0.075 0.115625
10 0.221875 0.090625 0.0671875 0.1171875
10 0.409375 0.31484375 0.071875 0.1125
10 0.25 0.25234375 0.0625 0.11875
7 0.4515625 0.60625 0.0875 0.15625
10 0.4796875 0.74140625 0.075 0.1265625