6 0.81328125 0.76796875 0.0921875 0.1484375
2 0.809375 0.51875 0.1015625 0.2109375
4 0.5671875 0.07109375 0.05625 0.1109375
3 0.45234375 0.3890625 0.08125 0.1453125
8 0.28203125 0.3484375 0.096875 0.2109375
11 0.38359375 0.27734375 0.0859375 0.19375
5 0.61875 0.30390625 0.0859375 0.1828125
4 0.7 0.1625 0.059375 0.1140625
4 0.7015625 0.24296875 0.0609375 0.1125
4 0.70703125 0.4265625 0.0625 0.1109375
4 0.62265625 0.5203125 0.071875 0.1234375
4 0.53671875 0.30078125 0.065625 0.121875
9 0.54453125 0.13515625 0.08125 0.1546875
9 0.1546875 0.56484375 0.090625 0.1578125
12 0.23203125 0.71875 0.1 0.1546875
12 0.253125 0.0421875 0.071875 0.084375
7 0.428125 0.5921875 0.08125 0.1546875
10 0.45703125 0.2953125 0.0640625 0.10625
10 0.33203125 0.04296875 0.0609375 0.0859375
10 0.315625 0.19453125 0.0640625 0.1203125
10 0.25 0.5890625 0.075 0.1234375
10 0.425 0.73203125 0.0703125 0.1203125