6 0.20078125 0.78359375 0.0984375 0.1515625
2 0.1921875 0.53515625 0.1109375 0.2140625
4 0.4109375 0.075 0.0609375 0.1125
3 0.5421875 0.38671875 0.0875 0.1484375
8 0.71015625 0.33671875 0.10625 0.2125
11 0.6046875 0.27109375 0.0953125 0.1953125
5 0.37109375 0.31015625 0.09375 0.1859375
4 0.2828125 0.1734375 0.065625 0.115625
4 0.28515625 0.25390625 0.065625 0.115625
4 0.2890625 0.4375 0.06875 0.1125
4 0.378125 0.5265625 0.078125 0.1265625
4 0.453125 0.30234375 0.0703125 0.1234375
9 0.43671875 0.13828125 0.0875 0.1578125
9 0.8484375 0.546875 0.0984375 0.1609375
12 0.77890625 0.70390625 0.10625 0.1578125
12 0.72109375 0.03671875 0.0765625 0.0734375
7 0.5765625 0.58828125 0.0890625 0.15625
10 0.53203125 0.29296875 0.06875 0.1078125
10 0.64375 0.03984375 0.065625 0.0796875
10 0.66875 0.18515625 0.06875 0.121875
10 0.75390625 0.57578125 0.0796875 0.125
10 0.58671875 0.72734375 0.0765625 0.1234375