6 0.10078125 0.65078125 0.1015625 0.15
2 0.246875 0.5359375 0.1359375 0.228125
5 0.4390625 0.2671875 0.1078125 0.1828125
4 0.375 0.18515625 0.0703125 0.1140625
4 0.36171875 0.46953125 0.0765625 0.1234375
4 0.515625 0.2953125 0.075 0.1171875
3 0.5671875 0.403125 0.10625 0.15625
11 0.66875 0.31953125 0.109375 0.1953125
8 0.74140625 0.41015625 0.11875 0.2171875
10 0.5953125 0.3125 0.08125 0.1203125
10 0.69921875 0.17421875 0.075 0.115625
10 0.79921875 0.11171875 0.0703125 0.109375
10 0.69296875 0.653125 0.0921875 0.1375
12 0.85546875 0.278125 0.0921875 0.140625
12 0.29296875 0.6796875 0.109375 0.1671875