6 0.846875 0.74921875 0.0734375 0.1375
2 0.73515625 0.6 0.090625 0.2140625
5 0.61953125 0.29140625 0.071875 0.1734375
4 0.70234375 0.228125 0.0484375 0.1078125
4 0.64140625 0.50625 0.0515625 0.115625
4 0.53828125 0.2984375 0.0515625 0.109375
3 0.46015625 0.3890625 0.0765625 0.14375
11 0.38359375 0.28203125 0.0703125 0.1859375
8 0.28984375 0.35078125 0.075 0.2078125
10 0.45703125 0.29453125 0.0578125 0.1109375
10 0.39140625 0.134375 0.053125 0.1078125
10 0.3109375 0.04921875 0.05 0.0984375
10 0.27421875 0.59765625 0.065625 0.1265625
12 0.2140625 0.19375 0.065625 0.1296875
12 0.65390625 0.7265625 0.0765625 0.15625