2 0.2453125 0.28046875 0.09375 0.2078125
1 0.4296875 0.15234375 0.065625 0.146875
6 0.45546875 0.08125 0.0671875 0.121875
6 0.5015625 0.24296875 0.071875 0.1265625
3 0.578125 0.253125 0.065625 0.1359375
4 0.6015625 0.1875 0.059375 0.109375
4 0.32578125 0.32890625 0.0578125 0.1109375
4 0.39140625 0.5328125 0.0609375 0.1203125
4 0.23984375 0.765625 0.06875 0.121875
4 0.446875 0.6625 0.06875 0.128125
3 0.5375 0.7828125 0.084375 0.171875
8 0.8453125 0.4328125 0.0984375 0.2109375
12 0.83125 0.10546875 0.0734375 0.1375
9 0.7421875 0.80703125 0.09375 0.1671875
11 0.68203125 0.16015625 0.0796875 0.1859375
7 0.8390625 0.17265625 0.06875 0.1453125
7 0.64921875 0.4375 0.0703125 0.15
10 0.51875 0.16015625 0.0609375 0.1140625
10 0.74921875 0.1828125 0.065625 0.1171875
10 0.753125 0.353125 0.059375 0.1125
10 0.7484375 0.453125 0.06875 0.1171875
10 0.6390625 0.5703125 0.0703125 0.125