2 0.253125 0.27109375 0.1015625 0.2109375
1 0.44140625 0.15 0.0703125 0.1484375
6 0.4703125 0.0796875 0.0703125 0.1234375
6 0.51015625 0.24375 0.0765625 0.128125
3 0.58671875 0.25625 0.0703125 0.1375
4 0.6125 0.19140625 0.0625 0.1109375
4 0.33203125 0.32265625 0.0609375 0.1125
4 0.38984375 0.52890625 0.0640625 0.121875
4 0.23046875 0.75625 0.0734375 0.1234375
4 0.44140625 0.66015625 0.0734375 0.1296875
3 0.52734375 0.784375 0.090625 0.1734375
8 0.84765625 0.44453125 0.10625 0.2140625
12 0.8453125 0.1171875 0.078125 0.1390625
9 0.73125 0.81484375 0.0984375 0.1703125
11 0.69375 0.1671875 0.0859375 0.1875
7 0.85078125 0.18515625 0.0734375 0.146875
7 0.6515625 0.44296875 0.075 0.1515625
10 0.53125 0.1609375 0.0640625 0.115625
10 0.76015625 0.1921875 0.06875 0.11875
10 0.7578125 0.3625 0.0640625 0.1140625
10 0.75 0.46171875 0.071875 0.11875
10 0.63671875 0.575 0.0734375 0.1265625