5 0.80625 0.33203125 0.09375 0.171875
2 0.80234375 0.40625 0.096875 0.196875
6 0.8078125 0.7734375 0.0890625 0.140625
6 0.790625 0.1 0.0578125 0.1140625
1 0.7875 0.24375 0.0640625 0.140625
1 0.69375 0.63984375 0.0765625 0.1421875
4 0.7125 0.0828125 0.053125 0.1015625
4 0.70859375 0.25234375 0.0515625 0.103125
4 0.7078125 0.16796875 0.0515625 0.0984375
4 0.70859375 0.53203125 0.0640625 0.1015625
4 0.709375 0.425 0.0546875 0.1078125
4 0.6140625 0.7546875 0.0609375 0.109375
4 0.603125 0.63125 0.0640625 0.1140625
4 0.54140625 0.30390625 0.05625 0.103125
3 0.634375 0.14453125 0.065625 0.13125
3 0.45859375 0.3828125 0.071875 0.1484375
11 0.21796875 0.23984375 0.08125 0.1734375
8 0.19296875 0.321875 0.0859375 0.19375
7 0.2328125 0.1671875 0.0640625 0.1375
7 0.1640625 0.4484375 0.0703125 0.1375
9 0.4015625 0.1875 0.065625 0.146875
9 0.15546875 0.5609375 0.084375 0.1484375
12 0.22734375 0.70859375 0.0765625 0.1421875
12 0.26328125 0.0375 0.0546875 0.075
10 0.340625 0.040625 0.046875 0.08125
10 0.33203125 0.11328125 0.05 0.0921875
10 0.3171875 0.19921875 0.0484375 0.0953125
10 0.3015625 0.28125 0.0546875 0.103125
10 0.2890625 0.38125 0.0578125 0.103125
10 0.265625 0.48046875 0.059375 0.10625
10 0.2515625 0.58359375 0.0609375 0.109375
10 0.4203125 0.7265625 0.065625 0.1171875