5 0.7734375 0.28203125 0.0796875 0.165625
2 0.78359375 0.35390625 0.0875 0.190625
6 0.853125 0.71328125 0.078125 0.1390625
6 0.71796875 0.05546875 0.0578125 0.1109375
1 0.7375 0.1984375 0.0546875 0.1328125
1 0.7140625 0.6046875 0.0671875 0.1265625
4 0.69296875 0.3890625 0.05 0.0984375
4 0.709375 0.49453125 0.053125 0.1046875
4 0.6546875 0.73125 0.05625 0.103125
4 0.6234375 0.60859375 0.05625 0.109375
4 0.66328125 0.2203125 0.046875 0.0953125
4 0.64609375 0.13828125 0.04375 0.0921875
4 0.63515625 0.05390625 0.0453125 0.1
3 0.56953125 0.128125 0.0546875 0.1328125
3 0.628125 0.47578125 0.06875 0.140625
4 0.50703125 0.3015625 0.0484375 0.1046875
11 0.178125 0.29296875 0.06875 0.16875
8 0.16640625 0.3796875 0.0765625 0.196875
7 0.16171875 0.50625 0.0625 0.1375
7 0.17890625 0.21796875 0.0578125 0.1328125
9 0.3515625 0.20703125 0.065625 0.1515625
9 0.17421875 0.61484375 0.0765625 0.1546875
10 0.4640625 0.73828125 0.0578125 0.1078125
10 0.26796875 0.62890625 0.0625 0.10625
10 0.265625 0.53046875 0.0625 0.1109375
10 0.2703125 0.42109375 0.059375 0.1015625
10 0.26796875 0.32109375 0.0625 0.1
10 0.26640625 0.234375 0.05625 0.0953125
10 0.2671875 0.1515625 0.05625 0.0921875
10 0.26328125 0.0703125 0.04375 0.096875
12 0.18671875 0.06875 0.0546875 0.109375
12 0.2671875 0.7515625 0.0671875 0.1359375