5 0.22265625 0.28671875 0.0765625 0.165625
2 0.2140625 0.35859375 0.084375 0.1890625
6 0.15078125 0.71953125 0.0765625 0.1375
6 0.27421875 0.05859375 0.0546875 0.1125
1 0.25703125 0.20234375 0.0515625 0.1328125
1 0.2875 0.60859375 0.0640625 0.1265625
4 0.30546875 0.3921875 0.0484375 0.096875
4 0.290625 0.4984375 0.0515625 0.1046875
4 0.34921875 0.73359375 0.0546875 0.103125
4 0.378125 0.6109375 0.0546875 0.109375
4 0.33203125 0.22265625 0.0453125 0.09375
4 0.34765625 0.140625 0.0421875 0.090625
4 0.35703125 0.05625 0.04375 0.1
3 0.42421875 0.12890625 0.0515625 0.1328125
3 0.371875 0.478125 0.065625 0.140625
4 0.48984375 0.3015625 0.046875 0.103125
11 0.81875 0.2875 0.065625 0.16875
8 0.83125 0.37421875 0.0734375 0.1953125
7 0.83828125 0.5 0.059375 0.1359375
7 0.81640625 0.2125 0.0546875 0.1328125
9 0.64296875 0.2046875 0.0640625 0.15
9 0.82734375 0.609375 0.0734375 0.153125
10 0.53984375 0.7375 0.05625 0.10625
10 0.734375 0.625 0.0609375 0.1046875
10 0.73515625 0.5265625 0.0609375 0.109375
10 0.728125 0.4171875 0.0578125 0.1
10 0.72890625 0.3171875 0.0609375 0.0984375
10 0.72890625 0.23046875 0.0546875 0.09375
10 0.7265625 0.14765625 0.0546875 0.0921875
10 0.7296875 0.06640625 0.0421875 0.0953125
12 0.80625 0.06328125 0.053125 0.1078125
12 0.73671875 0.74765625 0.065625 0.134375