5 0.796875 0.31640625 0.0859375 0.16875
2 0.79765625 0.390625 0.0875 0.1953125
6 0.821875 0.75703125 0.0828125 0.1375
6 0.76953125 0.08515625 0.0515625 0.1125
1 0.7734375 0.2296875 0.05625 0.1375
1 0.70078125 0.62890625 0.0703125 0.140625
4 0.690625 0.07265625 0.0484375 0.1
4 0.6953125 0.2421875 0.046875 0.1015625
4 0.68984375 0.1578125 0.046875 0.096875
4 0.71015625 0.52109375 0.059375 0.0984375
4 0.7046875 0.4140625 0.05 0.10625
4 0.62734375 0.7484375 0.05625 0.1078125
4 0.61015625 0.62578125 0.059375 0.1125
4 0.53125 0.3015625 0.0515625 0.1015625
3 0.615625 0.1375 0.059375 0.1296875
3 0.45234375 0.38515625 0.065625 0.1453125
11 0.2046875 0.2546875 0.071875 0.171875
8 0.18359375 0.33828125 0.0765625 0.190625
7 0.21640625 0.18203125 0.05625 0.1359375
7 0.16171875 0.46640625 0.0640625 0.134375
9 0.38515625 0.19296875 0.0578125 0.14375
9 0.159375 0.57890625 0.0765625 0.1453125
12 0.23828125 0.72265625 0.06875 0.1390625
12 0.2390625 0.04296875 0.05 0.0859375
10 0.315625 0.04453125 0.04375 0.0890625
10 0.31171875 0.12265625 0.0453125 0.090625
10 0.3015625 0.20859375 0.0453125 0.09375
10 0.290625 0.2921875 0.05 0.1015625
10 0.2828125 0.3921875 0.053125 0.1
10 0.26484375 0.49296875 0.053125 0.103125
10 0.25625 0.596875 0.05625 0.1078125
10 0.43203125 0.73046875 0.059375 0.115625